-4.577469,-7.886744,3.689733
-5.649454,-8.169096,4.041477
-5.285746,-7.355537,3.883551
-4.986642,-7.642675,3.663411
-4.567898,-8.224132,3.804588
-4.409972,-8.300702,3.749553
-4.247260,-8.204988,3.574877
-4.424329,-8.236095,3.443272
-4.771288,-8.090133,3.529413
-5.060820,-7.879565,3.464807
-5.077570,-7.853244,3.299703
-4.850252,-8.042276,3.256632
-4.529613,-8.516055,3.144169
-4.582255,-8.516055,3.108276
-4.790431,-8.286345,3.153740
-5.058427,-8.025528,3.125026
-5.197211,-8.104490,3.297310
-5.137390,-8.312666,3.297310
-4.855037,-8.573483,3.290131
-4.687540,-8.673983,3.244668
-4.601398,-8.721838,3.199204
-4.831109,-8.779266,3.206382
-5.132604,-8.896514,3.136991
-5.273781,-8.800802,3.103491
-5.242674,-8.705089,3.105884
-5.089533,-8.647661,3.158526
-4.831109,-8.604590,3.189633
-4.725825,-8.571091,3.067599
-4.819145,-8.635696,3.074777
-5.103891,-8.764909,3.156133
-5.395815,-8.654840,3.089134
-5.546563,-8.535198,3.117848
-5.204390,-8.233703,3.103491
-5.204390,-8.233703,3.103491
-4.979464,-8.104490,3.108276
-4.795217,-7.913064,3.148954
-4.634897,-7.659425,3.278167
-4.503292,-7.518249,3.326023
-4.371687,-7.281359,3.507878
-4.290331,-7.039684,3.529413
-4.036692,-6.735795,3.531806
-3.543770,-6.252446,3.455236
-2.605784,-5.850451,3.314059
-1.138984,-5.199604,3.146562
0.710668,-4.173083,2.505285
2.835495,-2.672783,1.473979
5.024928,-0.626920,-0.184247
7.156933,2.076970,-1.921437
9.427721,5.757132,-2.880959
11.983256,10.293922,-3.555735
14.646468,13.749159,-4.065405
16.158731,15.835700,-4.130012
15.553347,18.790836,-5.115855
13.610376,23.406591,-6.005985
11.447264,30.022747,-5.769095
9.020942,34.928032,-5.706882
6.905686,32.379677,-5.804988
7.410572,23.545374,-1.021735
14.813965,13.552947,1.555335
20.006388,7.599605,6.498906
21.430119,-3.067599,4.591826
21.798615,-17.934206,-7.025328
41.649471,-2.270789,-16.532011
69.614388,-58.200626,-5.020142
47.913879,-78.398445,-13.538590
27.850061,-66.601830,-10.423136
15.069997,-46.298725,-16.893328
10.918450,-50.266026,-12.050256
7.635497,-54.632927,-7.211967
3.036492,-50.321060,-2.921637
-1.024128,-40.998627,-0.662812
-2.962314,-32.566319,0.452243
2.701497,-20.372492,-0.873380
1.459622,-24.607790,-0.528814
-1.337588,-24.571896,4.326223
1.813759,-20.937197,-0.801596
2.103291,-16.967505,-1.670190
1.844866,-13.983655,-1.959722
0.985843,-12.031113,-1.146162
-0.318245,-10.497313,0.586242
-1.418944,-9.537791,2.553142
-1.777867,-9.150154,2.421536
0.696311,-7.996813,1.426122
0.696311,-7.996813,1.426122
2.780460,-9.363115,-0.571885
4.735396,-9.121440,-1.691726
6.455836,-8.322237,-1.548156
6.486942,-8.532805,-2.488536
6.872187,-8.571091,-0.997807
5.144568,-8.312666,-0.995414
3.144169,-7.877172,-1.560120
3.050849,-8.420342,-1.840081
2.225325,-7.692925,-2.301895
3.407379,-7.264609,-2.141576
3.419343,-6.884151,-2.333002
4.165904,-7.250252,-2.543570
4.158726,-7.580462,-1.878366
4.194618,-8.142776,-1.194018
3.570091,-8.779266,-0.437887
2.979064,-9.121440,-0.011964
2.608176,-8.992228,0.133998
2.251646,-8.432307,0.454636
2.287539,-7.621140,-0.198604
2.376073,-7.015756,0.064606
2.634498,-7.135397,-0.114855
3.069991,-7.747960,0.277567
3.306881,-8.542377,0.150748
3.278167,-9.367901,0.275175
3.019742,-9.868000,0.342174
2.691926,-9.961320,0.710668
2.471786,-9.681360,0.672383
2.230111,-9.363115,1.021735
2.282753,-8.322237,0.949951
2.433501,-8.396415,0.452243
2.562713,-8.750552,0.500100
2.656033,-9.635897,0.701097
2.675175,-10.573883,1.131805
2.545963,-10.700702,0.930808
2.328217,-10.336994,0.983450
2.225325,-9.561719,0.842274
2.098505,-8.963513,0.830309
2.038685,-8.731410,0.825524
2.045863,-8.611769,1.014557
2.014757,-8.623734,0.777667
2.041078,-9.379865,0.949951
2.153540,-10.262815,1.280160
2.227718,-10.849058,1.454836
2.191825,-10.794022,1.390230
2.129612,-10.116854,1.349552
1.988436,-9.437292,1.399801
1.837688,-8.829515,1.256232
1.751546,-8.760124,1.241875
1.708475,-8.927622,1.296910
1.749153,-9.279366,1.146162
1.907080,-9.796216,0.911665
1.914258,-10.298709,0.815953
1.940579,-10.057034,0.926022
3.165704,-8.786445,0.952343
1.179662,-10.549955,1.459622
0.445065,-11.466407,1.430908
0.789631,-10.480563,1.292124
2.160719,-8.164310,1.220340
3.093920,-7.147361,1.229911
3.177669,-7.858029,1.251446
2.699104,-9.226725,1.430908
2.347359,-10.147961,1.359123
2.076970,-10.526026,1.351945
2.148755,-10.217353,1.481157
1.899901,-9.537791,1.495514
1.490728,-9.439686,1.677369
-1.213161,-9.982857,1.119841
1.686940,-8.817552,1.548156
4.390830,-8.817552,1.306481
4.395615,-10.138390,1.318445
2.608176,-11.095518,1.457229
0.942772,-11.306087,1.438086
0.894916,-10.394422,1.428515
1.263410,-9.446864,1.339981
1.672583,-8.958728,1.416551
4.421937,-6.774081,1.866402
1.993221,-9.805787,1.344766
1.983650,-9.317651,1.249053
2.557927,-10.425529,0.811167
2.557927,-10.425529,0.811167
1.536192,-8.470592,1.021735
2.457429,-8.982656,0.981057
2.495714,-9.178867,1.426122
2.333002,-9.339187,1.452443
1.818545,-9.640682,1.639083
1.832902,-9.303294,1.715654
1.986043,-9.217153,1.761117
1.201197,-9.288938,1.840081
0.650848,-8.279166,1.823331
-0.631705,-8.018349,2.206182
0.705883,-10.738988,1.296910
3.010171,-11.229517,2.282753
4.139583,-9.348758,2.277967
3.962514,-10.107283,2.292324
3.244668,-8.161918,2.103291
1.885544,-8.894121,1.488336
0.497707,-10.289137,1.356731
0.401994,-10.325029,1.282553
1.162912,-9.860823,1.258625
2.110470,-9.427721,1.366302
2.634498,-9.320045,1.684547
3.086741,-9.219545,1.976472
0.756132,-9.530612,1.564906
0.756132,-9.530612,1.564906
0.107677,-10.389636,1.263410
0.796810,-10.068997,1.694118
1.643869,-9.812965,1.904687
2.184647,-9.829715,1.916651
2.057827,-10.080962,1.840081
1.751546,-10.198210,1.907080
1.531406,-9.769895,1.931008
1.605584,-9.099905,2.043471
1.438086,-9.030513,1.825724
1.050449,-9.674182,1.698904
0.961915,-10.145569,1.911865
1.454836,-9.810574,2.191825
2.014757,-9.209974,2.187040
2.246860,-9.075976,2.167897
2.069792,-9.274581,2.084148
1.859223,-9.609575,1.988436
1.734797,-9.573684,1.995614
1.895115,-9.446864,1.957329
1.926222,-9.262616,1.823331
1.835295,-9.475577,1.722832
1.830509,-9.669396,1.782653
1.923829,-9.901501,1.928615
2.589034,-8.879765,1.170090
1.663012,-10.272388,1.691726
1.801795,-9.611969,2.194218
1.801795,-9.611969,2.194218
1.694118,-8.618947,2.199004
1.830509,-9.274581,2.048256
1.663012,-10.578669,1.926222
-2.402394,-9.221939,2.821138
-2.400001,-9.365508,2.641676
-2.433501,-9.387043,2.486143
-2.581856,-9.401401,2.500499
-2.624927,-9.437292,2.634498
-2.629712,-9.595219,2.694318
-2.878566,-8.939585,2.773281
-2.189433,-9.382257,2.892922
-2.414358,-9.894321,2.598605
-2.500499,-9.896714,2.536392
-2.512464,-9.269794,2.160719
-2.617748,-9.075976,1.801795
-2.859423,-9.437292,1.816152
-2.950350,-9.932607,2.000400
-2.825923,-10.475778,2.400001
-2.825923,-10.475778,2.400001
-2.933600,-11.009377,2.105684
-3.086741,-11.042876,2.122434
-3.201597,-11.119448,2.266003
-3.086741,-11.406586,2.524428
-3.038885,-11.863614,2.478964
-2.993421,-11.947363,2.177469
-3.053242,-11.696117,1.976472
-3.177669,-11.600404,1.983650
-3.165704,-11.667403,1.933401
-3.034099,-11.743973,1.806581
-3.072384,-11.612368,1.557728
-3.062813,-11.143374,1.529014
-3.026921,-10.875379,1.646262
-2.964707,-10.856236,1.919044
-2.749353,-10.846665,1.988436
-2.653640,-10.614561,2.172683
-2.742175,-10.289137,2.069792
-2.723032,-9.750752,1.938186
-2.816352,-9.111869,1.820938
-2.840281,-8.506484,1.722832
-2.737389,-7.975278,1.720440
-2.215754,-7.458428,1.600798
-1.373480,-6.726225,1.217947
-0.172283,-5.759524,0.430708
3.828516,-2.878566,-1.823331
3.828516,-2.878566,-1.823331
8.451449,2.041078,-3.833302
9.600004,5.546563,-4.237689
9.437292,10.456635,-4.587041
8.197811,16.185053,-5.740381
7.183254,20.118853,-7.195218
7.960921,21.774687,-9.549755
10.425529,22.930420,-10.011569
12.002398,22.370499,-9.980463
12.157932,19.061224,-8.195417
12.026326,15.799807,-6.893722
12.134004,12.954741,-6.285945
12.062220,8.664411,-4.173083
10.071390,2.548356,-2.404787
7.034898,-3.876373,0.181855
3.701697,-10.961520,4.584648
1.646262,-19.630716,7.044470
3.165704,-26.275585,9.633504
6.506085,-31.853254,10.107283
8.863015,-40.582275,8.784052
8.781659,-47.655453,7.269395
6.692725,-51.041302,6.314659
4.058227,-50.397629,4.840680
1.651048,-47.710491,7.298109
-6.005985,-44.315075,7.298109
3.235096,-48.990650,0.035892
3.235096,-48.990650,1.423729
-4.594220,-33.059238,2.007578
-4.922036,-26.122444,1.127020
-0.267996,-17.924635,-1.098306
3.038885,-13.777873,-0.775275
0.497707,-14.160725,-1.028914
-3.062813,-10.344172,-3.747160
-4.249653,-4.022335,-5.328816
-2.651247,0.313460,-4.381258
0.241675,0.916451,-1.988436
2.108077,-0.708275,-1.280160
2.084148,-4.481757,-1.775474
1.450050,-8.116454,-1.366302
1.387837,-10.856236,-1.234696
2.359323,-12.945170,-1.895115
3.859623,-11.196017,-1.588834
4.299902,-8.389235,-2.081756
3.349952,-7.396214,-2.328217
1.942972,-7.460821,-2.143969
1.009771,-7.513463,-1.789831
0.748954,-8.298308,-1.794617
1.186840,-9.817751,-1.002593
2.053042,-10.408779,-0.234497
2.589034,-10.085747,0.349352
2.354537,-9.276974,0.691526
1.627119,-9.401401,0.579063
1.744368,-9.810574,0.351745
1.856830,-10.164711,0.531207
1.801795,-10.600205,0.775275
1.727618,-10.667203,1.069592
1.737189,-10.872985,1.502693
2.026721,-10.250853,2.072184
1.933401,-9.638289,2.199004
1.617548,-9.528220,1.861616
1.550549,-10.023535,1.713261
1.629512,-10.418350,1.629512
1.682154,-10.265208,1.294517
1.505085,-10.016356,0.789631
1.411765,-9.999605,0.844666
1.478764,-9.750752,0.945165
1.497907,-9.669396,1.320838
1.280160,-9.734003,0.940379
1.124627,-9.894321,0.284746
1.071985,-9.868000,-0.136391
1.031307,-9.937392,-0.504886
0.937986,-9.556933,-0.643669
1.246661,-9.198010,-0.569492
1.194018,-8.874979,-0.681954
1.038485,-8.927622,0.064606
0.947558,-9.231510,0.835095
1.038485,-9.355937,1.213161
1.330409,-10.114462,0.947558
1.124627,-10.717452,0.679562
1.186840,-10.468598,0.473779
1.744368,-9.982857,0.320638
1.294517,-10.253245,0.150748
0.875773,-9.875179,0.330210
0.971486,-9.401401,0.902094
1.596013,-9.504292,1.387837
1.842474,-10.128819,1.064806
1.722832,-10.526026,0.610170
1.500300,-9.676575,0.614955
1.560120,-8.961121,0.830309
1.129412,-9.097511,0.933201
0.990629,-9.401401,1.122234
1.093520,-9.607183,1.543371
1.088734,-9.671788,1.847259
1.016950,-9.731609,2.199004
0.890130,-9.815358,2.098505
0.997807,-10.155140,1.892723
0.703490,-10.399208,1.674976
0.471386,-10.131211,1.531406
0.665205,-9.650253,1.497907
0.626920,-9.643075,1.380659
0.892523,-9.442079,1.409373
1.500300,-9.267403,1.698904
0.784846,-9.595219,1.739582
1.313660,-9.757930,1.411765
1.184447,-9.207582,1.014557
1.093520,-9.190832,0.894916
1.411765,-9.123833,0.973879
1.282553,-9.609575,1.167697
1.473979,-9.877571,1.318445
1.497907,-10.516455,1.160519
1.182054,-10.339387,1.308874
1.062413,-9.822537,1.471586
1.009771,-9.621540,1.569692
1.004985,-9.530612,1.536192
1.040878,-9.729217,1.686940
1.129412,-9.736395,1.957329
1.060020,-10.001998,2.249253
1.462015,-10.296316,1.883151
0.842274,-9.688539,1.801795
0.954736,-9.858429,1.473979
1.069592,-9.722038,1.205983
0.990629,-10.028319,1.055235
1.138984,-9.686146,1.131805
1.112662,-9.494720,1.373480
1.387837,-9.803394,1.371087
0.990629,-8.831908,1.830509
1.284946,-8.999406,2.050649
1.024128,-9.640682,2.053042
1.134198,-9.530612,1.605584
1.201197,-9.856036,1.366302
1.430908,-10.224532,1.062413
0.825524,-10.372886,1.294517
1.227518,-9.824929,1.402194
1.091127,-9.592826,1.756332
1.079163,-9.437292,2.026721
1.095913,-9.456435,2.246860
1.083949,-9.248260,2.196611
1.201197,-9.078369,1.938186
1.201197,-9.078369,1.938186
1.387837,-9.267403,1.648655
1.287339,-9.564112,1.682154
1.239482,-9.097511,1.806581
1.177269,-8.848659,1.897508
1.375873,-8.953942,2.187040
1.371087,-9.221939,2.624927
1.428515,-9.300901,2.026721
1.325624,-9.987641,1.713261
-1.241875,-10.916058,1.184447
-1.241875,-10.916058,1.184447
0.478565,-8.985049,1.167697
1.945365,-10.162319,1.103091
1.555335,-10.865808,1.131805
1.265803,-10.609775,1.361516
1.153341,-10.346564,0.796810
1.170090,-10.423136,0.313460
1.014557,-10.188639,0.122034
0.882952,-9.717253,0.215354
0.945165,-9.741181,0.382852
1.347159,-9.963714,0.942772
1.354338,-10.375278,1.440479
1.081556,-10.736595,1.385444
0.995414,-10.061819,1.610370
0.909273,-9.267403,1.526621
0.878166,-9.525827,1.435694
1.182054,-9.607183,1.289732
1.428515,-9.410972,1.335195
1.598405,-9.047262,1.584049
1.634298,-8.922836,1.758725
1.397408,-9.348758,1.701297
1.395016,-9.198010,1.612763
1.464408,-8.853443,1.631905
1.284946,-8.767302,1.732404
1.136591,-9.202796,1.600798
1.239482,-9.590433,1.383051
1.442872,-9.645468,1.435694
1.557728,-9.839286,1.785046
1.557728,-9.839286,1.785046
1.347159,-10.104890,1.660619
1.351945,-9.863215,1.519442
1.272982,-10.001998,1.380659
1.261017,-9.856036,1.323231
1.306481,-9.743573,1.153341
1.277767,-9.827322,1.155733
1.292124,-9.978070,1.162912
1.107877,-10.078569,1.055235
1.119841,-10.236496,0.911665
1.280160,-10.064213,0.921237
1.519442,-8.913264,0.483350
0.492921,-9.903893,1.375873
1.464408,-9.863215,1.904687
1.272982,-9.939785,2.127219
1.557728,-9.516255,2.275574
1.342373,-9.765109,2.246860
1.244268,-9.836893,2.177469
1.414158,-9.911072,1.691726
1.270589,-9.834501,1.569692
1.500300,-9.863215,1.521835
1.158126,-9.336794,1.146162
0.803988,-9.528220,1.129412
