-3.529413,-8.776874,3.292524
-3.529413,-8.776874,3.292524
-3.433701,-8.860621,3.290131
-3.797409,-8.791230,3.742374
-3.620341,-7.637890,3.692125
-3.658626,-8.949157,3.409772
-3.450450,-9.590433,3.704089
-3.287738,-9.363115,3.601198
-3.323631,-8.606983,3.450450
-3.548556,-8.104490,3.220739
-3.838088,-7.994420,3.058028
-4.000800,-8.240881,3.069991
-3.969693,-8.551948,3.103491
-3.811767,-8.690732,3.282953
-3.672983,-8.807980,3.431308
-3.639483,-8.743374,3.290131
-3.708875,-8.630912,3.225525
-3.718446,-8.547162,3.081956
-3.823731,-8.487342,3.022135
-3.859623,-8.563912,3.115455
-3.933800,-8.829515,3.165704
-3.955336,-9.092726,3.259024
-4.053442,-9.291330,3.369094
-4.084548,-9.470792,3.462414
-4.063013,-9.628718,3.479164
-4.024727,-10.004392,3.541377
-4.137190,-10.183852,3.254239
-4.472186,-10.150353,3.146562
-4.912465,-10.384850,3.232704
-5.268995,-10.657632,3.440879
-5.357530,-10.947165,3.617948
-5.206782,-11.129018,3.608376
-4.878965,-11.200804,3.644269
-4.637290,-11.167303,3.536592
-4.465007,-11.054840,3.498307
-4.532006,-11.109876,3.263810
-4.522435,-11.231910,3.330809
-4.424329,-11.219944,3.388237
-4.496114,-11.196017,3.476771
-4.467400,-11.112268,3.589234
-4.438686,-10.877771,3.577270
-4.441079,-10.540384,3.431308
-4.431508,-10.200603,3.282953
-4.503292,-9.889536,3.129812
-4.582255,-9.564112,3.038885
-4.539185,-9.078369,3.127419
-4.551149,-8.563912,3.120241
-4.644469,-8.250452,2.981457
-4.649254,-7.927422,2.868994
-4.654040,-7.599605,2.751746
-4.374080,-6.989435,2.404787
-4.374080,-6.989435,2.404787
-4.242475,-6.336195,2.167897
-4.261617,-6.051448,2.110470
-4.268795,-5.673382,2.069792
-4.173083,-5.335995,2.048256
-3.993621,-4.924429,1.928615
-3.670590,-4.441079,1.880759
-3.383451,-3.962514,1.835295
-3.041277,-3.512664,1.718047
-2.531606,-3.110669,1.655833
-1.627119,-2.502892,1.198804
-0.277567,-1.593620,0.289532
1.555335,-0.019143,-0.792024
3.701697,2.392823,-1.691726
6.154340,5.434100,-2.239682
9.068797,9.832108,-3.089134
12.306287,14.935998,-4.429115
15.436100,18.463020,-6.616155
17.295322,20.642881,-9.437292
17.120646,24.418755,-10.872985
15.156138,27.615566,-10.729417
12.619746,28.424341,-9.200402
11.562119,26.464619,-5.833702
13.186846,24.346970,0.921237
15.421742,17.977276,7.848458
18.788445,4.426722,6.319445
22.030720,-16.036697,6.319445
49.375893,-30.525238,-21.985254
42.209393,-38.562729,-44.762531
20.654846,-78.398445,-13.229917
16.366907,-73.371117,-7.403394
12.698709,-64.828743,-11.277373
2.565106,-51.452862,-12.014362
-1.119841,-47.117069,-8.994620
-1.782653,-41.537010,-3.349952
-2.414358,-33.626339,-1.667797
-3.699304,-27.462423,-1.741975
-5.359922,-25.665417,-0.966700
-5.733203,-23.705694,0.667598
-4.618148,-20.504097,2.277967
-2.505285,-16.601404,3.759124
-0.655633,-13.220345,3.718446
0.579063,-10.772489,2.773281
1.194018,-9.748360,2.000400
1.406980,-9.064013,1.012164
1.497907,-8.336594,0.062213
1.792224,-8.051848,-0.672383
2.304288,-7.781459,-0.777667
3.038885,-6.982256,-1.162912
3.804588,-6.266802,-1.665405
4.398008,-5.594419,-2.208575
4.601398,-6.214160,-2.864209
4.479364,-7.111469,-2.584249
4.055835,-7.733603,-1.828116
1.115055,-7.367501,-1.799403
2.464607,-8.504091,-0.253639
2.632105,-8.561519,-0.847059
2.684747,-8.843873,0.076570
1.433301,-7.566105,-0.808774
2.373680,-8.025528,-2.282753
3.617948,-7.951349,-0.784846
2.373680,-8.051848,-1.517050
2.277967,-9.607183,-0.069392
2.950350,-10.683953,0.835095
2.263610,-10.963913,0.937986
2.155933,-10.387242,1.167697
2.349752,-9.324830,1.162912
2.273181,-8.626125,0.380459
2.309074,-8.472985,0.136391
2.201397,-9.013763,0.373280
2.273181,-9.528220,-0.045464
2.445465,-9.896714,-0.038285
2.500499,-10.315458,0.236889
2.632105,-10.463813,0.650848
2.656033,-10.162319,0.861416
2.478964,-9.552148,0.854238
2.234896,-9.116654,0.567099
1.488336,-8.145168,-0.330210
1.430908,-8.300702,-0.093320
1.732404,-9.238688,-0.361316
2.251646,-10.159925,0.303888
2.744568,-10.604989,0.851845
2.868994,-10.470992,0.899701
2.589034,-10.303494,1.256232
2.179861,-9.997212,0.959522
2.304288,-9.090333,0.973879
2.002793,-7.061220,0.358923
0.581456,-10.258030,0.011964
0.540778,-10.638489,0.425922
1.797010,-10.449455,0.648455
3.579663,-9.444471,0.875773
3.725625,-9.028119,1.007378
2.014757,-10.064213,0.619741
0.535992,-10.980663,0.454636
0.210568,-10.609775,0.301496
0.981057,-10.499706,0.521635
1.397408,-8.829515,0.021535
1.670190,-9.006584,0.423530
1.935793,-8.920443,0.167498
1.801795,-9.521042,0.368495
0.043071,-9.401401,-0.229711
2.187040,-10.071390,0.859023
2.187040,-10.071390,0.583849
1.301696,-9.107083,0.464208
0.899701,-9.363115,0.327817
1.229911,-9.887143,0.401994
1.607977,-10.344172,0.504886
1.622334,-10.296316,0.579063
1.220340,-9.274581,0.679562
1.794617,-9.803394,0.897308
2.213361,-10.674382,0.990629
1.416551,-9.894321,0.952343
1.088734,-9.583255,0.964308
1.081556,-9.604790,0.935594
1.263410,-9.889536,0.988236
1.392623,-9.944571,0.768096
1.691726,-8.977871,0.679562
1.665405,-9.092726,0.789631
1.079163,-10.061819,0.782453
1.040878,-10.181459,0.631705
1.261017,-10.224532,0.768096
1.598405,-9.970891,1.019342
1.878366,-10.126426,0.964308
2.151148,-10.473385,1.055235
2.208575,-10.222138,0.820738
1.584049,-9.600004,0.789631
0.748954,-9.202796,0.744168
0.638884,-9.915856,1.012164
1.564906,-9.650253,1.265803
2.189433,-9.365508,1.387837
2.232504,-9.095119,1.368695
1.517050,-9.152546,1.210768
0.772882,-9.461221,1.112662
0.504886,-9.717253,1.215554
0.878166,-9.528220,1.272982
1.507478,-9.466006,1.311267
1.971686,-9.652647,1.473979
1.974079,-10.059426,1.684547
1.964507,-9.872787,1.916651
1.531406,-9.911072,1.868794
-0.004786,-10.695917,1.442872
-0.449851,-10.107283,1.497907
0.473779,-9.358330,1.641476
1.787439,-8.901299,1.543371
2.603391,-9.198010,1.521835
2.340181,-10.482956,1.550549
1.457229,-10.715059,1.411765
0.562313,-10.250853,1.301696
0.229711,-10.291530,1.316052
0.105284,-10.296316,1.170090
0.466600,-9.762716,1.091127
1.576870,-9.736395,0.818345
1.576870,-9.736395,0.818345
1.878366,-9.803394,1.320838
1.718047,-8.884550,1.182054
1.505085,-8.805587,0.949951
1.028914,-9.042477,0.722632
1.150948,-9.408579,0.667598
0.887737,-9.274581,0.993021
0.942772,-9.451650,1.339981
1.000200,-11.186446,1.241875
1.543371,-10.301102,1.103091
0.224925,-9.781858,1.268196
0.380459,-9.544970,1.567299
0.904487,-9.279366,1.928615
1.780260,-8.985049,1.646262
2.041078,-9.123833,1.591227
1.933401,-9.844072,1.627119
1.418944,-10.540384,1.651048
1.174876,-9.544970,1.710868
0.679562,-9.853643,1.828116
-0.279960,-10.717452,1.629512
-0.457029,-10.430314,2.005185
1.356731,-9.566505,2.273181
2.392823,-9.111869,1.914258
2.371287,-9.236296,1.591227
1.691726,-9.322437,1.287339
0.624527,-10.121639,1.550549
0.602991,-10.131211,1.897508
1.122234,-9.731609,2.019542
1.174876,-9.650253,2.215754
1.421337,-10.482956,2.163112
1.091127,-9.188439,2.189433
1.529014,-9.353544,2.096112
5.919843,-7.039684,1.895115
1.811367,-8.865408,1.667797
1.916651,-8.891729,1.416551
1.354338,-9.676575,1.447658
1.182054,-9.451650,1.246661
1.490728,-9.422935,1.306481
1.050449,-8.977871,1.502693
-0.313460,-10.128819,1.837688
-0.313460,-10.128819,1.837688
0.662812,-9.796216,2.005185
1.555335,-10.057034,2.048256
2.167897,-9.667004,1.811367
1.770689,-9.702895,1.639083
1.576870,-8.673983,1.646262
2.201397,-8.932407,1.663012
2.029114,-9.260223,2.134398
1.416551,-9.540184,2.163112
-1.763510,-11.045268,1.509871
-1.763510,-11.045268,1.509871
1.885544,-9.628718,1.785046
1.835295,-9.564112,1.818545
2.050649,-9.597611,0.591027
0.751346,-9.882358,1.885544
0.768096,-9.961320,2.081756
0.930808,-9.454042,2.266003
0.784846,-9.336794,1.885544
0.337388,-9.731609,1.744368
-0.055035,-10.179067,1.694118
-0.028714,-9.882358,1.579263
0.184247,-9.817751,1.646262
0.739382,-9.640682,1.665405
1.356731,-9.485149,1.660619
1.548156,-9.623933,1.751546
1.500300,-9.681360,1.670190
1.416551,-9.580862,1.775474
1.466800,-9.542577,1.856830
1.409373,-9.643075,1.653440
0.406780,-10.260423,1.416551
-0.227318,-10.413565,1.473979
0.114855,-9.954143,1.591227
0.878166,-9.638289,1.794617
1.555335,-9.600004,2.019542
1.703690,-9.336794,2.189433
1.153341,-9.360723,2.263610
0.777667,-9.446864,2.304288
0.669990,-9.676575,2.108077
0.610170,-9.808180,2.081756
0.727418,-9.619147,2.132005
1.002593,-9.561719,2.160719
0.961915,-9.724431,2.167897
0.949951,-9.760324,2.139183
1.117448,-9.611969,2.151148
1.265803,-9.454042,2.158326
1.311267,-9.348758,1.974079
1.048056,-9.480364,1.832902
1.392623,-9.219545,1.770689
0.820738,-9.367901,1.514657
0.598206,-9.844072,1.794617
0.342174,-9.868000,1.634298
0.602991,-9.681360,1.938186
0.983450,-9.379865,2.165504
1.753939,-9.341579,2.239682
1.107877,-9.808180,1.959722
-2.277967,-9.511470,1.543371
-2.352145,-9.377472,1.397408
-2.390430,-9.248260,1.320838
-2.390430,-9.248260,1.320838
-2.579463,-9.506684,1.404587
-2.572284,-9.396614,1.569692
-2.634498,-9.348758,1.698904
-2.634498,-9.339187,1.710868
-2.627320,-9.509077,1.751546
-2.457429,-9.573684,1.751546
-2.246860,-9.669396,1.770689
-2.380858,-9.640682,1.596013
-2.512464,-9.573684,1.466800
-2.493321,-9.652647,1.493121
-2.517249,-9.753145,1.457229
-2.703890,-9.647861,1.627119
-2.610569,-9.810574,1.787439
-2.723032,-10.064213,2.014757
-2.292324,-9.171689,1.902294
-2.548356,-10.846665,2.170290
-2.447858,-9.779467,2.132005
-2.093720,-7.444071,0.842274
-2.629712,-10.892128,1.899901
-2.739782,-11.057234,2.017149
-2.562713,-11.167303,2.124826
-2.644069,-11.184053,2.210968
-2.866602,-11.322837,1.919044
-2.739782,-11.298907,1.782653
-2.790031,-11.743973,1.885544
-2.790031,-11.743973,1.885544
-2.407180,-12.361321,2.524428
-2.328217,-12.533605,3.019742
-2.605784,-12.930815,3.613162
-2.835495,-13.292130,4.015156
-3.034099,-13.213166,3.864408
-3.381058,-13.052847,3.744767
-3.464807,-12.842279,3.570091
-3.294917,-12.567105,2.931208
-3.239882,-12.258430,2.273181
-3.187240,-11.973685,1.816152
-3.172883,-11.863614,1.560120
-3.225525,-11.775080,1.263410
-3.180061,-11.291731,1.093520
-3.055635,-10.750952,1.138984
-2.971886,-10.071390,1.318445
-2.749353,-10.013963,1.313660
-2.184647,-10.308280,0.672383
-1.727618,-9.585647,0.081356
-1.732404,-8.135597,-0.906880
-1.428515,-6.329016,-1.641476
-0.574277,-4.893322,-1.864009
0.576670,-3.495914,-2.019542
3.725625,0.289532,-1.442872
3.725625,0.289532,-1.442872
8.300702,8.032705,-1.792224
9.492328,13.031311,-1.883151
8.889337,15.086747,-3.177669
8.111670,17.044075,-5.261817
8.262416,20.755344,-6.654440
9.908678,24.689142,-6.838687
11.765509,26.823542,-6.673582
12.425928,24.885355,-6.752545
12.813565,20.420349,-6.687939
14.112868,17.257038,-6.379266
15.340386,13.655839,-5.304887
14.577076,8.456236,-5.364708
12.399607,4.010371,-4.017549
9.166903,-0.124427,-1.521835
6.147161,-3.890730,2.199004
4.299902,-10.286745,7.348359
4.211368,-21.269800,8.640482
6.690332,-35.373096,4.654040
11.296515,-55.424950,1.160519
14.514862,-62.261242,-0.287139
10.432706,-54.884171,-1.842474
2.598605,-50.098526,-1.820938
-3.311667,-47.794243,-2.529213
-3.761517,-43.984867,-3.426522
0.880559,-36.418758,-2.170290
0.880559,-36.418758,-2.170290
-3.153740,-27.893135,-0.203390
-3.972085,-23.164915,0.971486
-3.842873,-18.826727,1.423729
-3.414558,-15.507884,1.907080
-2.866602,-12.851851,2.041078
-2.038685,-10.643275,2.282753
-0.993021,-9.303294,2.148755
-0.315853,-8.475377,1.205983
-0.062213,-7.767102,0.847059
-0.055035,-7.745567,0.990629
0.105284,-7.939385,1.179662
0.576670,-8.724231,1.150948
1.153341,-9.772287,1.237089
1.543371,-10.765309,1.033699
1.969293,-11.227123,0.959522
2.416751,-11.210374,0.875773
2.725425,-11.052447,0.102891
2.890530,-10.636096,-0.373280
2.952743,-10.169496,-0.708275
2.830709,-10.078569,-0.626920
2.572284,-10.210175,-0.210568
2.256432,-10.805987,-0.208176
2.210968,-11.188839,0.074178
2.301895,-10.870593,0.119641
2.297110,-10.188639,-0.256032
2.024328,-9.554541,-0.256032
1.928615,-10.057034,-0.370888
2.462214,-9.836893,0.086142
2.701497,-10.502099,0.524028
2.433501,-10.482956,0.971486
2.129612,-9.827322,1.165305
1.945365,-9.664611,1.536192
1.852045,-9.489935,1.722832
1.636691,-9.128618,1.344766
1.543371,-9.152546,1.057628
1.560120,-8.709875,0.727418
1.672583,-8.379664,0.705883
1.820938,-8.147561,1.016950
1.797010,-8.475377,1.026521
1.954936,-9.142976,1.162912
1.940579,-9.975677,1.292124
1.911865,-10.717452,1.172483
1.880759,-10.710274,0.775275
1.672583,-11.006985,0.334995
1.813759,-10.157533,0.205783
2.053042,-10.083356,0.354138
2.158326,-10.152746,0.344566
2.129612,-8.824730,-0.143569
-0.729811,-9.791430,0.043071
-0.729811,-9.791430,0.043071
1.730011,-8.480164,0.662812
1.287339,-9.099905,1.052842
1.572084,-10.071390,0.983450
2.098505,-10.262815,0.820738
0.966700,-9.784252,0.265603
1.452443,-9.138189,0.291924
1.737189,-8.717053,0.631705
1.435694,-9.868000,0.918844
1.770689,-10.246067,1.292124
1.988436,-10.439885,1.179662
1.734797,-10.664811,1.117448
1.962115,-10.401600,1.093520
1.969293,-10.750952,1.213161
1.483550,-10.700702,1.249053
1.607977,-10.502099,1.103091
1.942972,-10.382458,1.141376
1.775474,-9.856036,1.220340
1.622334,-9.743573,0.945165
1.660619,-9.267403,0.662812
1.332802,-9.339187,0.433101
1.244268,-9.784252,0.373280
1.361516,-10.427922,0.399601
1.162912,-9.946963,0.490529
1.660619,-9.899107,0.433101
1.686940,-9.209974,0.538385
1.430908,-9.437292,0.672383
1.447658,-9.056834,0.399601
1.397408,-9.186047,0.279960
1.222732,-9.899107,0.521635
1.251446,-9.968499,0.579063
1.186840,-9.901501,0.660419
1.406980,-9.930215,0.748954
1.272982,-10.375278,0.890130
1.371087,-10.310673,0.942772
1.526621,-10.248460,1.129412
1.363909,-9.631111,1.122234
1.127020,-9.556933,1.095913
1.330409,-9.635897,0.973879
1.509871,-9.566505,0.952343
1.505085,-9.884750,0.947558
1.636691,-10.061819,1.043271
2.280360,-10.167104,0.911665
1.397408,-9.664611,1.143769
1.708475,-9.456435,1.021735
1.631905,-8.870193,0.952343
1.665405,-8.951550,0.988236
1.730011,-8.554340,0.851845
1.871187,-9.719646,0.863809
1.852045,-9.434900,0.722632
1.852045,-9.434900,0.722632
1.636691,-9.360723,1.366302
1.581656,-9.052048,2.036292
1.488336,-9.221939,2.062613
1.495514,-9.255438,1.409373
1.615155,-9.281759,1.172483
0.780060,-9.279366,2.132005
1.794617,-11.492726,1.550549
2.517249,-11.803794,1.495514
2.076970,-10.344172,0.751346
1.076770,-9.803394,0.047856
1.308874,-9.994821,-0.155533
1.409373,-9.999605,0.172283
0.792024,-9.626326,0.181855
1.107877,-9.860823,0.334995
1.674976,-10.004392,0.897308
1.746760,-10.506885,1.258625
1.452443,-10.820344,1.265803
1.404587,-10.380065,0.916451
1.217947,-9.236296,0.734596
1.153341,-8.623734,0.643669
0.966700,-9.377472,0.559920
1.311267,-9.992428,0.605384
1.849652,-9.640682,0.923629
1.849652,-9.640682,0.923629
1.780260,-9.664611,1.067199
1.694118,-10.205389,1.076770
1.667797,-9.047262,1.050449
1.603191,-9.068797,1.162912
1.636691,-9.384650,1.603191
1.682154,-9.509077,1.643869
1.634298,-9.750752,1.519442
1.706082,-9.882358,1.378266
1.658226,-9.655040,1.373480
1.663012,-9.674182,1.378266
1.658226,-9.662218,1.402194
1.588834,-9.250652,1.430908
1.495514,-9.219545,1.395016
1.390230,-9.312866,1.246661
1.402194,-9.535398,1.201197
1.390230,-9.920642,1.117448
1.383051,-9.994821,0.988236
1.490728,-9.858429,0.993021
1.576870,-9.803394,1.189233
1.536192,-9.987641,1.194018
1.485943,-9.939785,1.093520
1.416551,-9.504292,0.985843
1.349552,-9.190832,0.973879
2.074577,-8.834301,0.387637
1.328017,-9.815358,1.057628
1.328017,-9.815358,1.057628
1.098306,-9.911072,1.301696
1.342373,-10.052249,1.607977
1.615155,-10.234102,1.890330
1.775474,-10.150353,1.495514
1.277767,-9.887143,1.529014
