-0.165105,-0.382852,8.807980,15.680000,-2.310000,-11.410000
0.069392,-0.552742,10.071390,-2.100000,-3.850000,-4.270000
0.059821,-0.638884,10.131211,-2.100000,-1.960000,-4.760000
-0.148355,-0.691526,10.250853,-0.840000,-0.770000,-5.810000
-0.433101,-0.796810,10.033106,1.190000,2.450000,-4.760000
-0.492921,-0.808774,9.980463,0.490000,2.030000,-1.890000
-0.356531,-0.775275,9.927821,-1.190000,3.360000,2.590000
-0.284746,-0.655633,9.870394,-3.220000,3.850000,5.460000
-0.124427,-0.600598,9.853643,-3.990000,1.820000,5.670000
0.093320,-0.622134,9.956534,-3.780000,-2.170000,4.550000
0.284746,-0.626920,10.128819,-3.220000,-4.970000,2.870000
0.392423,-0.588634,10.241282,-2.450000,-6.020000,0.700000
0.342174,-0.612563,10.269995,1.820000,-4.410000,-3.290000
0.090927,-0.669990,10.179067,2.520000,0.420000,-3.150000
-0.057428,-0.710668,10.066606,1.960000,4.130000,-0.140000
-0.100499,-0.634098,9.827322,0.700000,6.860000,2.380000
-0.083749,-0.512064,9.585647,-1.610000,4.410000,2.800000
-0.055035,-0.433101,9.769895,-3.220000,-0.700000,1.960000
0.114855,-0.440279,9.879964,-2.310000,-5.180000,0.420000
0.263210,-0.473779,10.076177,-1.260000,-7.140000,-2.450000
0.272782,-0.583849,10.164711,-0.980000,-6.160000,-4.830000
0.122034,-0.672383,10.258030,0.350000,-5.040000,-5.880000
-0.126820,-0.794417,10.224532,1.400000,-3.500000,-4.900000
-0.234497,-0.777667,10.135997,2.100000,-0.770000,-1.960000
-0.105284,-0.617348,9.803394,1.260000,3.220000,1.190000
0.023928,-0.468993,9.839286,-1.470000,3.850000,3.710000
0.241675,-0.320638,9.860823,-1.750000,3.010000,3.290000
0.315853,-0.332602,9.937392,-1.190000,0.070000,0.910000
0.318245,-0.337388,9.987641,0.280000,-1.330000,-2.310000
0.165105,-0.404387,9.994821,0.980000,-1.400000,-4.270000
-0.038285,-0.457029,9.985250,1.330000,-1.120000,-4.830000
-0.124427,-0.514457,9.911072,1.470000,-0.980000,-4.130000
-0.205783,-0.492921,9.946963,-0.140000,-0.140000,-2.380000
-0.133998,-0.559920,10.049855,-1.400000,0.140000,-0.630000
-0.038285,-0.497707,10.006784,-1.540000,2.170000,0.420000
-0.052642,-0.466600,10.030712,-1.400000,2.870000,-0.140000
-0.086142,-0.528814,10.090532,-1.400000,1.470000,-0.840000
-0.095713,-0.533599,10.085747,0.980000,1.470000,-1.330000
-0.141177,-0.562313,9.925428,1.610000,0.070000,-1.260000
-0.138784,-0.631705,9.894321,0.910000,-0.280000,-0.700000
-0.078963,-0.500100,9.834501,0.280000,-0.140000,-0.700000
-0.100499,-0.538385,9.812965,0.070000,-0.700000,-1.400000
-0.150748,-0.600598,9.832108,0.070000,-1.820000,-1.960000
-0.196211,-0.569492,9.934999,-0.280000,-0.350000,-1.680000
-0.241675,-0.672383,9.765109,-0.350000,0.840000,-0.770000
-0.200997,-0.772882,9.808180,-2.730000,0.980000,0.490000
-0.181855,-0.677169,9.884750,-4.620000,2.240000,1.960000
-0.138784,-0.648455,9.975677,-4.200000,2.240000,2.800000
-0.138784,-0.648455,9.975677,-3.080000,1.120000,2.660000
-0.110070,-0.600598,9.944571,-2.730000,-0.700000,2.240000
-0.083749,-0.543171,9.901501,-1.540000,-1.190000,2.170000
-0.064606,-0.504886,9.927821,-1.400000,-1.960000,1.610000
0.002393,-0.581456,9.858429,-0.560000,-1.610000,1.610000
-0.014357,-0.550349,9.760324,-1.050000,-1.470000,1.260000
0.007178,-0.586242,9.851252,-2.800000,-1.680000,1.120000
0.043071,-0.650848,10.009177,-4.550000,-0.560000,2.030000
0.157926,-0.634098,10.100104,-5.740000,1.890000,3.080000
0.174676,-0.579063,10.174281,-5.950000,3.710000,3.360000
0.217747,-0.626920,10.313066,-5.180000,3.640000,2.380000
0.169890,-0.586242,10.296316,-2.100000,2.590000,0.840000
0.205783,-0.631705,10.222138,1.470000,1.470000,-0.350000
0.071785,-0.674776,10.045070,2.870000,0.700000,-1.400000
-0.007178,-0.736989,9.856036,3.080000,1.330000,-1.120000
-0.064606,-0.801596,9.722038,-1.190000,0.490000,0.070000
-0.062213,-0.789631,9.856036,-3.710000,-0.840000,1.890000
0.043071,-0.832702,10.030712,-4.690000,0.280000,3.290000
0.186640,-0.748954,10.198210,-4.270000,2.030000,3.850000
0.282353,-0.701097,10.226924,-2.030000,3.710000,3.290000
0.339781,-0.617348,10.009177,1.050000,2.590000,1.050000
0.256032,-0.681954,9.827322,2.240000,-0.210000,-1.400000
0.160319,-0.696311,9.736395,1.050000,-1.680000,-2.660000
0.019143,-0.701097,9.745967,-0.840000,-1.120000,-1.820000
-0.050249,-0.789631,9.647861,-4.270000,0.490000,-0.420000
-0.016750,-0.811167,9.975677,-7.350000,1.680000,1.330000
0.177069,-0.820738,10.217353,-7.140000,4.410000,2.800000
0.098106,-0.792024,10.344172,-5.880000,5.740000,1.820000
0.069392,-0.725025,10.320245,-6.720000,9.100000,3.010000
0.057428,-0.581456,10.406385,-9.660000,14.070000,4.760000
-0.059821,-0.476172,10.530812,-12.600000,17.570000,5.180000
-0.239282,-0.428315,10.870593,-13.440001,16.450001,4.340000
-0.289532,-0.626920,11.140982,-11.970000,13.300000,3.920000
-0.344566,-0.818345,11.373087,-10.500000,10.640000,3.990000
-0.239282,-0.945165,11.937792,-14.770000,7.910000,6.020000
-0.016750,-0.949951,12.890135,-22.610001,7.490000,10.290000
0.162712,-0.918844,14.160725,-30.450001,12.740000,14.490000
-0.031107,-0.942772,15.196816,-34.160000,26.250000,17.010000
-0.571885,-0.945165,15.905092,-32.900002,41.720001,20.930000
-1.103091,-1.057628,15.984055,-23.870001,52.570000,25.620001
-1.555335,-1.074377,15.756737,-4.270000,50.750000,31.500000
-1.727618,-1.057628,15.223137,3.780000,40.670002,33.950001
-1.842474,-1.150948,14.799608,2.310000,24.290001,36.259998
-1.691726,-1.050449,14.979070,-6.790000,0.700000,39.130001
-1.129412,-0.985843,15.725630,-12.950000,-24.360001,38.220001
-0.483350,-1.091127,16.713865,-12.600000,-50.259998,31.780001
0.208176,-1.270589,17.848064,-3.990000,-68.110001,24.570000
0.696311,-1.488336,18.443878,12.950000,-76.370003,16.730000
0.631705,-1.715654,18.376879,32.130001,-79.099998,8.330000
-0.055035,-1.954936,17.089540,47.599998,-79.029999,3.500000
-0.055035,-1.954936,17.089540,59.010002,-74.480003,5.950000
0.516850,-1.208375,14.634504,65.519997,-63.209999,14.280000
0.947558,-0.689133,14.258829,54.880001,-59.290001,22.960001
1.500300,-0.169890,13.978869,51.170002,-51.660000,26.670000
2.222932,0.227318,13.081561,56.700001,-44.590000,29.469999
2.603391,0.390030,12.021541,57.680000,-38.360001,26.740000
2.632105,0.145962,11.487941,48.790001,-34.790001,17.639999
2.179861,0.045464,11.660224,36.680000,-30.309999,9.940000
1.469193,-0.112463,11.377872,27.930000,-16.309999,5.250000
0.667598,0.019143,11.145767,25.620001,-4.970000,4.410000
0.009571,-0.294317,10.784451,20.650000,4.900000,4.200000
-0.605384,-0.160319,10.829915,11.060000,9.730000,4.130000
-1.002593,-0.413958,10.612168,8.400000,0.070000,-1.610000
-1.112662,-1.012164,10.853845,9.450000,-33.529999,-13.650000
-1.000200,-1.124627,12.622139,15.050000,-82.599998,-28.490000
-0.543171,-1.335195,13.191631,59.150002,-100.519997,-30.450001
-0.040678,-1.430908,12.011970,84.769997,-75.529999,-22.260000
0.370888,-1.521835,10.076177,86.239998,-36.189999,-8.540000
0.665205,-0.949951,8.085347,66.919998,3.710000,5.250000
0.703490,-0.282353,6.812366,46.830002,22.190001,8.470000
0.713061,0.248854,6.501299,28.770000,26.389999,3.780000
1.148555,0.677169,6.049056,26.530001,10.290000,-11.270000
1.261017,0.796810,5.795416,40.459999,-23.100000,-40.529999
0.411566,0.390030,5.608776,58.939999,-58.099998,-71.260002
-1.153341,-0.937986,5.726025,72.239998,-59.639999,-79.800003
-2.416751,-2.122434,5.338387,71.330002,-34.020000,-56.980000
-2.251646,-1.387837,3.629912,63.490002,-2.450000,-23.450001
-1.744368,-0.248854,2.105684,63.770000,15.820000,8.540000
-1.172483,0.815953,0.545564,69.230003,5.110000,13.020000
-0.531207,1.698904,-1.229911,67.550003,-12.670000,4.970000
0.100499,1.983650,-2.330609,59.290001,-45.360001,-11.620000
0.320638,1.648655,-2.072184,42.770000,-78.400002,-29.469999
0.035892,0.789631,-0.713061,21.280001,-91.769997,-41.299999
-0.631705,-0.035892,1.373480,5.040000,-83.019997,-39.830002
-0.875773,-0.440279,2.478964,4.830000,-54.670002,-21.139999
-0.622134,-0.205783,1.768296,17.080000,-24.780001,3.080000
0.131605,-0.066999,0.490529,27.860001,-15.680000,20.160000
1.057628,0.160319,-0.598206,27.580000,-16.730000,28.210001
1.782653,0.552742,-1.344766,15.610000,-14.490000,32.130001
1.722832,1.048056,-1.366302,-1.330000,-12.600000,26.180000
1.562513,1.450050,-1.385444,-17.430000,-16.660000,18.059999
1.483550,1.581656,-1.153341,-21.980000,-27.090000,11.620000
1.323231,1.749153,-0.772882,-23.730000,-32.830002,6.790000
1.055235,1.588834,-0.579063,-24.850000,-29.400000,7.490000
0.665205,1.344766,-1.150948,-28.980000,-21.980000,14.770000
1.045663,1.117448,-1.648655,-40.250000,-20.719999,27.299999
2.036292,1.495514,-2.158326,-55.930000,-14.420000,37.939999
3.144169,1.495514,-2.711068,-78.400002,-14.980000,36.189999
3.613162,1.196411,-2.155933,-102.129997,-22.540001,25.270000
2.514857,-0.016750,1.071985,-118.720001,-26.110001,14.420000
2.514857,-0.016750,1.071985,-122.010002,-20.510000,7.140000
0.720240,-1.739582,2.813959,-116.830002,-3.360000,11.200000
0.088534,-2.553142,2.337788,-115.290001,30.799999,24.010000
-0.516850,-2.871387,2.419144,-125.300003,52.430000,35.420002
-1.335195,-2.993421,2.464607,-131.600006,46.480000,32.480000
-2.665605,-3.244668,3.230310,-139.930008,27.440001,21.280001
-3.814159,-3.873980,4.716253,-146.580002,2.660000,16.030001
-3.840480,-4.089334,6.250053,-155.399994,-5.600000,28.910000
-2.206182,-4.878965,8.013563,-170.240005,-5.320000,51.310001
0.174676,-5.934200,11.040483,-185.919998,-4.970000,67.340004
2.275574,-6.836295,14.076975,-193.830002,11.900000,76.370003
3.345166,-7.518249,17.146967,-190.119995,27.719999,72.940002
4.063013,-7.621140,20.080566,-167.789993,40.389999,64.470001
4.206582,-6.494121,21.719652,-136.919998,72.099998,64.190002
3.337988,-5.204390,21.623938,-103.739998,98.349998,58.450001
2.249253,-5.192425,21.164516,-65.169998,100.660004,43.610001
1.495514,-5.764310,20.937197,-56.070000,92.190002,41.509998
1.325624,-6.163911,21.269800,-46.480000,86.239998,42.980000
1.792224,-6.927221,20.949162,-33.529999,75.459999,41.369999
2.730211,-7.542177,21.853649,-25.760000,67.059998,41.439999
3.998406,-7.087541,22.430319,-7.770000,71.260002,42.000000
5.044070,-6.089733,21.863220,19.040001,76.230003,36.119999
5.216353,-4.962714,20.178673,35.980000,87.220001,22.469999
3.314059,-4.323831,18.288343,46.060001,94.220001,6.370000
1.045663,-3.993621,16.264015,52.009998,105.980003,10.150000
-0.421137,-2.866602,13.485948,50.820000,105.419998,16.940001
-1.100698,-2.026721,9.540184,41.930000,81.340004,10.500000
-1.674976,-3.227918,11.263017,15.400000,39.480000,-2.520000
-1.478764,-4.072584,13.966907,-16.660000,-4.200000,-5.670000
-0.705883,-4.331009,15.182461,-10.220000,2.380000,6.930000
0.136391,-4.094120,14.969498,5.670000,19.530001,17.780001
0.844666,-3.256632,13.885550,18.270000,37.939999,24.920000
0.904487,-2.423929,12.198609,28.139999,49.630001,22.610001
0.248854,-1.830509,10.559525,32.830002,48.790001,11.900000
-0.468993,-1.545763,8.910872,32.970001,36.049999,0.210000
-0.851845,-1.835295,8.051848,22.120001,12.110000,-10.850000
-0.744168,-2.213361,8.465806,2.590000,-17.920000,-18.760000
-0.600598,-2.983850,10.482956,-15.400000,-50.189999,-27.370001
-0.145962,-4.101298,13.356737,-20.020000,-69.650002,-31.219999
0.069392,-4.462614,14.986248,-10.850000,-50.470001,-21.000000
-0.265603,-4.599005,15.290136,20.790001,7.490000,2.520000
-0.026321,-3.682554,13.241880,38.360001,40.320000,25.270000
0.775275,-2.409572,10.559525,45.570000,43.259998,27.719999
1.299303,-1.196411,8.331808,42.700001,24.219999,10.430000
0.997807,-0.981057,7.477571,29.400000,-3.430000,-14.630000
0.021535,-1.292124,8.104490,16.590000,-22.260000,-32.340000
-1.050449,-1.983650,9.248260,13.440001,-35.420002,-38.709999
-1.832902,-2.746960,10.607382,15.400000,-30.799999,-31.780001
-2.294717,-3.072384,11.196017,21.000000,-7.910000,-11.200000
-1.249053,-1.914258,9.533006,27.160000,16.379999,12.530000
-1.249053,-1.914258,9.533006,29.750000,30.450001,24.639999
-0.669990,-1.261017,7.192825,28.420000,32.759998,25.200001
0.196211,-0.727418,6.809973,21.000000,22.049999,17.290001
0.057428,-0.859023,7.530212,3.780000,-11.060000,-5.530000
-0.306281,-1.502693,8.164310,-0.560000,-26.530001,-19.040001
-0.643669,-2.086541,8.846266,-5.250000,-33.740002,-23.100000
-0.868595,-2.840281,10.262815,-9.870000,-35.420002,-18.900000
-0.538385,-3.160919,11.334801,-10.500000,-17.080000,-4.900000
0.133998,-2.586641,11.140982,-5.320000,11.830000,12.950000
0.473779,-2.038685,10.372886,4.270000,24.290001,15.750000
0.617348,-1.698904,9.322437,13.230000,22.750000,8.890000
0.579063,-1.564906,8.248059,14.350000,14.700000,-0.770000
0.239282,-1.488336,7.759924,6.160000,2.730000,-11.340000
-0.035892,-1.660619,8.128418,-3.990000,-16.590000,-21.210001
-0.385244,-2.340181,8.810372,-8.890000,-36.330002,-29.049999
-0.787239,-3.211168,10.214959,-17.920000,-42.770000,-22.889999
-0.935594,-3.981657,11.578869,-21.420000,-13.020000,-3.220000
-0.320638,-3.885944,12.638889,-19.740000,17.710001,20.230000
0.612563,-2.706282,12.406786,-2.800000,35.490002,27.090000
0.995414,-2.009971,10.877771,14.700000,31.570000,14.210000
0.614955,-1.842474,9.530612,17.710001,16.030001,-1.680000
0.155533,-1.840081,8.714661,12.040000,-0.910000,-13.300000
-0.263210,-1.966900,8.882158,2.940000,-14.560000,-19.950001
-0.559920,-2.249253,9.583255,-1.190000,-22.960001,-22.400000
-0.741775,-2.639283,10.432706,0.140000,-21.770000,-19.530001
-0.933201,-2.873780,10.872985,5.250000,-9.660000,-11.270000
-0.926022,-2.900101,10.827522,9.240000,7.560000,0.070000
-0.650848,-2.081756,9.626326,12.810000,20.440001,7.700000
-0.521635,-1.722832,8.836694,16.240000,15.120000,5.530000
-0.361316,-1.428515,8.169096,12.670000,4.900000,0.070000
-0.229711,-1.392623,8.147561,5.040000,-9.520000,-8.470000
-0.442672,-1.557728,8.437093,-0.770000,-23.520000,-17.990000
-0.720240,-1.847259,8.953942,-3.290000,-35.490002,-24.570000
-1.048056,-2.514857,9.741181,-5.320000,-40.880001,-25.549999
-1.316052,-3.081956,10.593026,-8.610000,-27.930000,-15.260000
-0.799203,-3.058028,10.674382,-9.590000,-3.570000,5.110000
0.038285,-2.459821,10.774881,-7.490000,7.700000,17.639999
0.559920,-2.009971,10.296316,-0.210000,10.990000,17.219999
0.861416,-1.844866,9.595219,7.140000,6.300000,9.030000
0.897308,-1.660619,9.169296,6.860000,-1.260000,0.140000
0.753739,-1.619941,9.054441,3.710000,-8.610000,-8.890000
0.272782,-1.868794,9.111869,-2.660000,-17.780001,-17.570000
-0.294317,-2.349752,9.779467,-5.460000,-17.430000,-15.260000
-0.480957,-2.854637,10.368099,-8.400000,-7.560000,-4.270000
-0.275175,-3.072384,10.815558,-8.750000,6.510000,7.420000
0.117248,-2.859423,11.107484,-3.220000,13.860000,12.600000
0.543171,-2.529213,11.076375,5.810000,17.219999,11.760000
0.770489,-2.172683,10.420743,13.720000,14.350000,4.410000
0.691526,-1.856830,9.659825,16.520000,5.040000,-7.280000
-0.102891,-1.701297,8.805587,16.170000,-4.830000,-16.379999
-0.102891,-1.701297,8.805587,12.460000,-13.510000,-21.770000
-0.545564,-2.105684,9.186047,5.180000,-19.670000,-22.680000
-0.959522,-2.567499,10.332209,2.100000,-11.550000,-13.860000
-0.626920,-2.435893,10.224532,4.200000,8.190000,5.810000
-0.370888,-2.304288,9.927821,6.230000,15.050000,11.620000
-0.074178,-2.050649,9.731609,6.370000,16.240000,13.440001
0.215354,-1.758725,9.544970,6.790000,12.250000,11.690000
0.397209,-1.536192,9.410972,7.560000,6.370000,5.670000
0.222532,-1.471586,9.253045,8.960000,1.050000,-1.960000
0.150748,-1.567299,9.164511,8.190000,-0.350000,-5.600000
0.045464,-1.524228,9.253045,4.830000,-1.190000,-7.070000
-0.251246,-1.777867,9.475577,3.780000,-3.010000,-8.610000
-0.602991,-2.158326,9.451650,3.780000,-0.420000,-6.300000
-0.653241,-2.199004,9.506684,3.780000,4.830000,1.400000
-0.181855,-1.998007,9.571291,-3.710000,6.440000,9.100000
0.308674,-1.777867,9.767502,-4.270000,3.570000,9.730000
0.559920,-1.775474,9.777073,-2.030000,0.560000,3.570000
0.605384,-1.746760,9.707682,-2.730000,1.470000,-0.560000
0.404387,-1.825724,9.784252,-4.690000,1.190000,-4.760000
0.117248,-2.048256,10.143176,-4.060000,0.630000,-6.930000
-0.244068,-2.263610,10.365707,-1.190000,2.240000,-7.210000
-0.629312,-2.524428,10.360922,0.980000,4.760000,-4.060000
-0.665205,-2.581856,10.329816,1.050000,8.680000,2.240000
-0.413958,-2.431108,10.198210,1.820000,9.100000,5.460000
-0.189033,-2.313859,10.064213,3.500000,8.400000,5.320000
0.086142,-2.175076,9.937392,3.570000,5.460000,3.010000
0.124427,-2.050649,9.839286,3.360000,1.890000,-1.190000
-0.349352,-2.294717,10.083356,3.360000,-0.210000,-4.060000
-0.445065,-2.275574,10.102496,2.590000,4.760000,0.770000
-0.342174,-2.053042,9.870394,3.920000,10.010000,6.020000
-0.126820,-1.835295,9.621540,5.810000,11.480000,7.560000
0.038285,-1.588834,9.281759,6.860000,11.270000,6.650000
0.165105,-1.339981,8.755339,6.860000,8.540000,3.780000
0.057428,-1.404587,8.671589,2.800000,-0.840000,-3.640000
-0.330210,-1.732404,9.339187,-2.240000,-9.030000,-10.220000
-0.681954,-1.998007,9.750752,-4.130000,-7.350000,-9.310000
-0.792024,-2.060220,10.018748,-3.640000,-3.850000,-5.390000
-0.665205,-2.002793,9.863215,-1.050000,0.280000,-0.560000
-0.490529,-1.883151,9.544970,0.770000,2.660000,2.870000
-0.344566,-1.873580,9.425328,-1.190000,2.520000,3.570000
-0.193819,-1.782653,9.437292,-3.150000,2.170000,3.710000
-0.090927,-1.808974,9.506684,-5.460000,-3.570000,-0.490000
-0.057428,-2.031506,9.774680,-5.810000,-7.770000,-3.710000
-0.117248,-2.177469,10.047462,-5.880000,-8.890000,-4.480000
-0.177069,-2.172683,10.272388,-3.920000,-7.770000,-4.130000
-0.248854,-2.194218,10.325029,-1.190000,-7.770000,-4.060000
-0.344566,-2.356930,10.360922,0.630000,-4.270000,-1.470000
-0.325424,-2.371287,10.399208,1.470000,2.590000,3.920000
-0.131605,-2.122434,10.210175,2.730000,6.650000,7.210000
0.148355,-1.909473,9.817751,4.340000,7.000000,5.950000
0.148355,-1.909473,9.817751,4.480000,6.230000,4.340000
0.275175,-1.887937,9.676575,3.640000,6.370000,3.710000
0.098106,-1.703690,9.430114,3.290000,3.990000,0.140000
-0.050249,-1.859223,9.504292,2.100000,-1.540000,-5.390000
-0.102891,-1.799403,9.667004,0.210000,-1.820000,-4.200000
-0.265603,-1.765903,9.707682,0.980000,1.050000,-3.150000
-0.394816,-1.753939,9.576077,1.960000,4.550000,-1.540000
-0.545564,-1.883151,9.394222,1.330000,6.160000,0.980000
-0.535992,-1.938186,9.535398,-1.260000,7.280000,4.620000
-0.375673,-1.947758,9.738789,-3.990000,9.240000,8.330000
-0.191426,-1.945365,9.887143,-4.830000,10.570000,10.080000
0.031107,-1.854438,9.968499,-3.570000,10.150000,8.960000
0.138784,-1.768296,9.920642,-0.420000,7.770000,5.740000
-0.011964,-1.842474,9.542577,3.290000,2.100000,0.210000
-0.224925,-2.065006,9.367901,3.500000,-4.130000,-5.320000
-0.385244,-2.199004,9.552148,-1.890000,-7.420000,-6.160000
-0.413958,-2.237289,9.882358,-8.330000,-6.090000,-1.960000
-0.433101,-2.443072,10.387242,-7.350000,-1.190000,1.470000
-0.413958,-2.416751,10.360922,-3.360000,4.620000,5.950000
-0.234497,-2.242075,10.222138,-0.980000,6.580000,6.720000
-0.014357,-2.053042,10.006784,0.840000,5.810000,4.270000
-0.150748,-1.907080,9.786645,1.260000,3.290000,-0.210000
-0.244068,-1.840081,9.690931,0.840000,0.630000,-3.360000
-0.401994,-1.861616,9.724431,1.120000,-2.100000,-6.020000
-0.631705,-1.950150,9.600004,1.890000,-4.900000,-7.350000
-0.854238,-2.196611,9.626326,-0.070000,-7.070000,-5.670000
-0.959522,-2.380858,9.879964,-3.290000,-3.710000,0.350000
-0.593420,-2.306681,10.413565,-4.970000,2.520000,8.120000
-0.160319,-2.110470,10.463813,-3.430000,7.490000,15.120000
0.148355,-1.720440,10.064213,3.430000,12.390000,14.140000
0.208176,-1.576870,9.643075,6.930000,10.640000,7.840000
-0.138784,-1.593620,9.317651,7.980000,5.110000,-0.140000
-0.516850,-1.708475,9.164511,7.000000,-1.820000,-5.600000
-0.691526,-1.864009,9.212367,3.990000,-7.980000,-6.300000
-0.586242,-1.974079,9.422935,0.280000,-12.110000,-3.710000
-0.279960,-1.945365,9.616754,-2.240000,-13.930000,-1.260000
-0.141177,-2.065006,10.025927,-2.450000,-16.240000,-1.120000
-0.153141,-2.036292,10.183852,-0.070000,-13.020000,-0.280000
-0.090927,-2.165504,10.229317,2.030000,-8.470000,2.240000
-0.083749,-2.108077,10.222138,3.080000,-2.590000,5.460000
-0.126820,-1.952543,10.131211,5.180000,2.240000,7.770000
-0.074178,-1.820938,9.789038,8.540000,1.610000,6.510000
0.076570,-1.624727,9.523434,8.330000,-2.520000,3.640000
0.160319,-1.584049,9.353544,5.950000,-5.950000,-0.910000
0.102891,-1.694118,9.480364,2.100000,-9.590000,-5.180000
-0.064606,-1.701297,9.817751,0.420000,-9.450000,-7.000000
-0.390030,-2.112862,10.133603,0.700000,-7.700000,-7.280000
-0.806381,-2.380858,10.528419,1.400000,0.210000,-1.470000
-0.811167,-2.368894,10.418350,3.570000,7.980000,8.120000
-0.153141,-1.909473,9.961320,5.250000,9.170000,11.340000
-0.153141,-1.909473,9.961320,5.180000,7.910000,9.660000
0.081356,-1.799403,9.822537,5.250000,5.180000,6.160000
-0.136391,-1.660619,9.475577,6.160000,3.150000,1.190000
-0.232104,-1.667797,9.597611,4.970000,-1.820000,-3.290000
-0.260818,-1.749153,9.674182,3.290000,-3.430000,-4.620000
-0.425922,-1.966900,9.918249,3.290000,-4.060000,-4.830000
-0.488136,-2.093720,10.169496,3.150000,-1.050000,-0.980000
-0.315853,-2.048256,10.207782,3.150000,4.550000,4.900000
0.023928,-1.883151,10.193424,3.710000,8.260000,8.190000
0.265603,-1.737189,10.356135,5.180000,8.050000,7.350000
0.279960,-1.660619,10.303494,8.470000,8.400000,3.640000
0.131605,-1.682154,10.415956,10.710000,6.650000,-0.630000
-0.081356,-1.801795,10.530812,12.180000,7.140000,-2.100000
-0.351745,-1.823331,10.746166,11.690000,9.240000,-0.840000
-0.521635,-1.825724,11.071590,10.360000,11.410000,2.870000
-0.557528,-1.722832,11.552547,8.960000,12.460000,7.000000
-0.428315,-1.670190,11.947363,4.690000,13.510000,12.530000
-0.107677,-1.363909,12.703495,-2.240000,9.100000,13.650000
0.193819,-1.045663,13.871193,-8.260000,1.610000,11.200000
0.428315,-1.177269,15.349957,-14.000000,-4.900000,6.440000
0.313460,-1.667797,16.835899,-16.170000,-8.890000,-0.350000
-0.263210,-2.510071,18.367306,-13.370000,-10.850000,-3.010000
-0.717847,-3.069991,19.314865,-7.070000,-12.040000,-1.050000
-1.249053,-3.452843,19.989641,-3.640000,-20.370001,1.610000
-1.272982,-3.881158,20.583059,-3.850000,-32.410000,6.160000
-0.952343,-4.077370,21.671795,-6.440000,-48.020000,10.710000
-0.466600,-4.242475,22.892136,-4.690000,-62.160000,11.690000
-0.148355,-5.257031,24.246473,6.720000,-76.440002,8.260000
0.040678,-5.465207,24.973890,18.830000,-90.300003,5.180000
0.385244,-5.187639,25.210777,36.189999,-95.900002,7.280000
0.528814,-4.441079,24.323040,57.610001,-88.269997,6.300000
0.217747,-3.625126,22.375286,80.989998,-81.129997,-1.470000
-0.413958,-3.263810,20.245674,92.400002,-83.160004,-12.880000
-0.983450,-2.787638,18.568304,94.779999,-100.590004,-24.080000
-0.313460,-2.103291,16.577475,95.410004,-121.660004,-28.000000
1.225125,-1.627119,15.897913,85.750000,-148.610001,-30.450001
2.833102,-1.040878,15.737594,77.769997,-152.250000,-32.200001
3.749553,-0.370888,14.529219,82.250000,-126.279999,-32.619999
3.486342,-1.294517,12.514462,88.900002,-90.019997,-39.830002
2.261217,-1.629512,11.676974,85.750000,-58.799999,-44.869999
1.304088,-1.679761,9.934999,86.940002,-25.900000,-39.619999
0.581456,-1.593620,8.001599,98.910004,-10.150000,-38.779999
0.150748,-1.395016,5.972485,106.120003,-10.640000,-46.830002
-0.098106,-1.184447,3.940979,112.000000,-20.230000,-59.430000
-0.220140,-1.074377,2.127219,110.529999,-35.209999,-76.230003
-0.839881,-1.598405,1.138984,105.279999,-46.410000,-92.260002
-1.816152,-1.962115,0.717847,97.090004,-38.290001,-89.949997
-2.210968,-1.959722,0.330210,89.599998,-20.580000,-69.930000
-1.825724,-1.677369,-0.473779,86.099998,0.840000,-50.959999
-1.213161,-0.813560,-3.084348,82.879997,7.420000,-48.580002
-1.213161,-0.813560,-3.084348,75.250000,-4.130000,-60.619999
-0.942772,-1.014557,-3.297310,58.310001,-31.500000,-75.180000
-0.808774,-0.885344,-1.799403,49.840000,-42.209999,-83.650002
-1.840081,-0.744168,-0.289532,52.639999,-37.029999,-87.500000
-2.385644,-0.318245,-0.186640,63.560001,-23.799999,-70.349998
-2.043471,0.145962,-0.612563,67.550003,-9.030000,-42.000000
-1.296910,0.789631,-1.462015,64.400002,8.750000,-13.440001
-0.806381,1.665405,-1.875973,55.230000,17.290001,3.220000
-0.607777,2.141576,-1.988436,47.880001,15.680000,10.150000
-0.535992,2.478964,-2.050649,43.259998,8.680000,13.090000
-0.287139,2.648855,-2.146362,36.959999,-0.700000,15.750000
-0.229711,2.445465,-1.737189,28.070000,-12.880000,17.360001
0.069392,1.751546,-1.103091,17.290001,-17.920000,25.549999
0.717847,1.878366,-0.598206,6.020000,-11.060000,42.209999
1.103091,2.385644,-0.710668,3.710000,-1.820000,51.869999
1.186840,2.596212,-0.940379,7.140000,-1.890000,54.599998
1.670190,2.689533,-1.576870,9.170000,0.770000,69.370003
2.493321,3.053242,-2.689533,-4.690000,13.230000,76.720001
3.086741,3.524628,-3.708875,-23.660000,11.410000,70.559998
3.187240,3.163311,-4.139583,-44.380001,-4.200000,53.270000
2.584249,2.050649,-3.187240,-65.309998,-24.850000,33.250000
1.497907,0.748954,-1.404587,-75.949997,-33.389999,23.590000
0.473779,-0.370888,-0.098106,-73.570000,-41.230000,24.360001
-0.457029,-1.416551,0.880559,-65.730003,-41.930000,36.750000
-0.181855,-2.134398,1.227518,-61.529999,-30.730000,62.580002
1.050449,-1.586441,0.940379,-58.170002,-12.670000,81.760002
1.971686,-1.280160,0.095713,-56.420002,-9.660000,77.279999
2.952743,-1.849652,0.291924,-60.480000,-16.450001,63.070000
2.536392,-2.421536,1.995614,-72.870003,-31.360001,44.590000
0.945165,-3.981657,3.835695,-81.550003,-58.380001,10.500000
-1.332802,-5.898308,6.142376,-75.599998,-56.490002,8.750000
-1.995614,-6.675975,7.436893,-73.220001,-19.110001,46.410000
-0.224925,-5.283352,8.006385,-69.860001,20.510000,101.500000
2.653640,-3.177669,7.994420,-68.180000,46.970001,132.440002
4.749753,-1.378266,8.551948,-64.889999,46.759998,127.330002
5.723632,-0.746561,8.980263,-60.480000,41.090000,101.779999
5.412565,-1.048056,9.602397,-60.340000,33.599998,65.519997
3.823731,-1.971686,10.588240,-59.779999,28.210001,34.650002
1.679761,-2.720639,10.894521,-59.709999,43.330002,23.940001
1.043271,-2.426322,11.842079,-72.590004,59.360001,37.939999
2.799603,-0.433101,13.464413,-89.739998,69.930000,69.650002
5.345565,1.179662,13.797016,-91.489998,71.610001,74.900002
6.699903,2.009971,14.143975,-80.849998,24.219999,19.950001
6.781260,1.481157,14.768501,-77.419998,-12.250000,-27.510000
4.536791,-0.914058,17.666210,-80.010002,-19.950001,-56.209999
1.749153,-3.725625,20.863020,-73.639999,44.939999,-26.389999
1.509871,-4.783253,22.341785,-56.279999,135.800003,43.189999
2.897708,-3.412165,21.066410,-31.150000,214.759995,95.410004
4.402793,-1.138984,18.685551,-13.510000,224.350006,101.989998
5.221139,0.301496,16.711473,-3.850000,187.039993,74.129997
5.541777,0.859023,15.433706,-3.010000,123.410004,31.360001
5.675776,1.012164,15.328422,-7.210000,68.879997,-12.600000
5.273781,0.758525,14.947963,-12.250000,25.549999,-56.560001
1.402194,-4.414758,19.312471,-22.889999,-1.610000,-86.940002
-0.124427,-5.431707,21.236300,-47.250000,74.269997,-44.730000
0.301496,-4.744967,22.226931,-46.340000,130.410004,12.460000
1.316052,-3.239882,21.475584,-22.540001,157.220001,43.889999
2.050649,-2.143969,19.312471,13.440001,146.440002,41.720001
2.579463,-0.914058,16.264015,41.650002,117.040001,23.379999
2.761317,0.248854,13.473984,60.130001,68.180000,-9.310000
2.376073,0.772882,10.439885,68.459999,17.219999,-51.590000
1.033699,0.095713,8.750552,50.119999,-41.720001,-97.440002
-0.672383,-1.184447,11.861222,10.920000,-108.849998,-126.770004
-3.421736,0.799203,16.321442,-28.980000,-93.379997,-96.599998
-4.086941,-5.288138,12.306287,1.960000,-7.210000,-58.799999
-3.002992,-4.857430,13.552947,-33.250000,19.530001,8.750000
1.165305,-3.661019,13.852050,-62.439999,40.810001,67.830002
4.603791,-1.686940,15.483955,-34.509998,1.190000,45.709999
5.864808,-1.069592,14.871392,17.500000,-9.730000,-7.770000
4.419543,-0.734596,12.205789,51.869999,-9.030000,-56.349998
1.471586,-0.990629,9.080762,59.709999,-17.080000,-80.430000
-1.052842,-1.174876,7.049256,43.889999,-28.420000,-79.379997
-2.325824,-1.902294,7.250252,9.450000,-37.240002,-59.430000
-2.108077,-2.076970,9.243474,-20.370001,-21.000000,-25.129999
-0.808774,-2.153540,11.492726,-27.719999,8.470000,5.390000
0.942772,-1.799403,12.748959,-18.480000,43.330002,22.960001
1.797010,-0.937986,12.327823,6.860000,64.889999,18.900000
0.131605,-0.145962,8.714661,29.260000,56.840000,-4.130000
-0.863809,-0.277567,7.786245,36.680000,28.280001,-27.090000
-1.134198,-0.145962,7.171289,23.100000,-16.450001,-38.150002
-1.244268,-0.622134,8.437093,5.810000,-49.700001,-42.209999
-1.361516,-1.143769,10.238889,-10.010000,-56.420002,-36.330002
-1.002593,-2.120041,12.031113,-17.500000,-39.060001,-17.920000
0.031107,-1.976472,12.808779,-19.180000,1.330000,9.240000
0.727418,-1.227518,12.839886,-10.290000,33.670002,22.889999
0.940379,-0.760918,11.188839,14.700000,45.150002,17.850000
0.655633,-0.452243,9.343972,30.799999,35.349998,3.430000
0.007178,-0.318245,8.209774,32.689999,12.880000,-12.810000
-0.526421,-0.401994,7.633104,28.210001,-7.840000,-22.750000
-0.641276,-0.820738,7.580462,13.720000,-19.879999,-22.750000
-0.203390,-1.246661,8.781659,-7.700000,-30.520000,-17.639999
0.351745,-1.495514,10.844273,-23.030001,-30.380001,-10.780000
0.892523,-1.847259,12.026326,-16.940001,-10.640000,-2.590000
1.052842,-1.880759,12.638889,-2.730000,7.980000,0.420000
0.827917,-1.674976,12.442677,17.010000,24.500000,3.360000
0.861416,-1.093520,10.683953,30.309999,31.850000,0.910000
0.425922,-0.617348,8.961121,32.270000,22.190001,-6.790000
-0.057428,-0.212961,7.908278,26.110001,-1.680000,-15.050000
-0.200997,-0.119641,7.570890,16.309999,-35.139999,-25.549999
-0.318245,-0.744168,8.563912,5.110000,-64.959999,-32.900002
-0.473779,-1.531406,10.403993,-2.240000,-68.739998,-27.650000
-0.236889,-1.916651,11.732009,-2.870000,-49.490002,-13.440001
0.251246,-2.120041,12.129218,-2.240000,-12.670000,4.970000
1.217947,-0.981057,10.750952,-1.960000,19.670000,19.180000
1.189233,-0.464208,10.090532,0.280000,31.780001,18.620001
0.854238,-0.014357,9.064013,9.730000,25.549999,11.130000
0.574277,-0.033500,8.384450,14.350000,4.970000,-0.700000
0.148355,-0.306281,8.731410,13.160000,-18.410000,-11.130000
0.138784,-0.782453,9.351151,10.080000,-32.619999,-14.000000
0.358923,-1.150948,10.102496,7.210000,-39.410000,-12.740000
0.504886,-1.318445,10.731809,5.600000,-36.959999,-10.080000
0.555135,-1.404587,11.121840,5.600000,-22.750000,-4.690000
0.643669,-1.112662,10.794022,7.560000,-0.840000,3.780000
0.674776,-0.713061,10.013963,11.340000,14.700000,8.260000
0.619741,-0.397209,9.011370,13.230000,20.510000,8.190000
0.753739,-0.074178,8.219346,11.830000,14.420000,4.760000
0.698704,-0.177069,8.087741,6.790000,-3.780000,-3.850000
0.516850,-0.459422,8.623734,-0.700000,-33.389999,-12.250000
0.272782,-0.765703,9.133404,-2.590000,-49.490002,-12.250000
0.100499,-1.239482,9.985250,-4.200000,-61.320000,-9.100000
0.239282,-1.493121,11.014162,-3.080000,-60.900002,-3.920000
0.478565,-1.694118,11.751152,-0.350000,-38.570000,6.650000
1.036092,-1.593620,11.586047,1.120000,-7.350000,18.129999
1.670190,-0.940379,10.686346,1.820000,13.790000,21.840000
2.141576,-0.325424,9.379865,1.330000,16.030001,15.540000
2.251646,-0.062213,8.791230,-3.990000,7.910000,3.360000
1.911865,-0.136391,8.997013,-7.000000,0.490000,-4.690000
1.308874,-0.744168,9.930215,-8.540000,-4.340000,-9.450000
0.823131,-1.136591,10.325029,-7.700000,-7.770000,-12.880000
0.696311,-1.301696,10.480563,-4.620000,-5.180000,-8.750000
0.993021,-1.289732,10.817951,-2.240000,-0.280000,2.450000
1.258625,-1.433301,11.437693,0.280000,4.760000,5.040000
1.256232,-1.265803,11.210374,3.640000,23.100000,9.940000
1.201197,-0.892523,10.200603,6.300000,39.270000,13.300000
0.753739,-0.502493,9.298509,7.280000,39.900002,10.570000
0.433101,-0.241675,8.640482,8.400000,26.110001,4.760000
0.277567,-0.397209,8.556733,8.960000,2.380000,-2.170000
0.473779,-0.677169,8.999406,5.880000,-20.299999,-7.350000
0.904487,-0.782453,9.815358,0.910000,-31.639999,-8.400000
1.428515,-0.966700,10.518847,-0.560000,-31.850000,-7.280000
1.641476,-1.217947,10.916058,0.420000,-24.500000,-5.110000
1.794617,-1.103091,10.983055,0.980000,-10.080000,-5.110000
1.531406,-0.971486,10.738988,2.870000,13.930000,6.090000
1.237089,-0.614955,10.224532,5.600000,21.770000,7.420000
1.036092,-0.313460,9.458827,9.380000,17.500000,3.850000
0.672383,-0.284746,8.985049,8.820000,5.600000,-2.170000
0.433101,-0.421137,9.217153,4.830000,-5.530000,-5.250000
0.600598,-0.559920,9.753145,2.800000,-11.690000,-6.020000
0.780060,-0.715454,10.171888,3.290000,-12.600000,-5.600000
0.976272,-0.885344,10.372886,3.430000,-11.620000,-3.360000
1.131805,-0.966700,10.825130,5.460000,-8.470000,-0.280000
1.244268,-0.861416,10.817951,9.030000,-2.100000,1.820000
1.172483,-0.751346,9.879964,6.580000,5.390000,3.150000
2.019542,-0.418744,8.568698,-6.300000,8.890000,2.520000
0.930808,-0.483350,10.846665,-20.510000,-5.810000,-5.600000
0.854238,-1.021735,10.581062,3.570000,-15.820000,-6.370000
0.768096,-1.136591,10.939985,11.270000,-18.059999,-4.900000
1.036092,-1.196411,10.820344,13.930000,-7.770000,2.240000
1.184447,-0.911665,10.071390,11.900000,10.640000,8.260000
1.380659,-0.684347,9.128618,3.850000,20.580000,8.960000
1.014557,-0.514457,9.188439,-6.230000,16.030001,3.710000
