-1.012164,-8.906086,1.071985
-0.930808,-9.159724,0.947558
-0.756132,-9.633504,1.098306
-0.751346,-9.887143,1.048056
-0.720240,-9.973285,0.818345
-0.892523,-9.958927,0.658026
-0.827917,-9.961320,0.717847
-0.571885,-10.080962,0.744168
-0.662812,-9.975677,0.942772
-0.995414,-9.707682,0.961915
-1.074377,-9.406186,0.942772
-0.830309,-9.370294,0.914058
-0.801596,-9.437292,1.105484
-0.851845,-9.544970,1.148555
-0.765703,-9.628718,1.081556
-0.763310,-9.705289,1.081556
-0.557528,-9.915856,1.115055
-0.524028,-10.009177,1.241875
-0.559920,-10.004392,1.342373
-0.617348,-10.045070,1.375873
-0.727418,-10.006784,1.366302
-0.770489,-9.958927,1.483550
-0.842274,-9.923036,1.639083
-0.882952,-9.918249,1.694118
-0.949951,-9.966106,1.808974
-0.899701,-9.896714,1.878366
-1.060020,-10.037891,2.021935
-1.050449,-9.707682,2.220540
-1.033699,-9.712467,2.488536
-1.189233,-9.877571,2.624927
-1.304088,-9.791430,2.703890
-1.292124,-9.820145,2.931208
-1.730011,-9.700503,3.316452
-2.431108,-9.458827,3.857230
-3.067599,-9.226725,4.620540
-3.677768,-8.745767,5.168497
-3.988836,-8.109276,6.070591
-4.453043,-8.154739,7.190433
-5.302495,-7.290931,8.829515
-5.838487,-5.417351,11.873186
-6.996613,-3.395415,14.646468
-7.647461,-2.285146,17.479570
-6.300302,-3.290131,17.635103
-4.125226,-3.242275,16.271194
-1.787439,-5.785845,12.947563
1.557728,-7.802995,11.081161
3.510271,-7.121039,10.526026
1.727618,-6.731010,10.442278
-1.555335,-6.168696,11.380265
-4.280759,-6.123233,11.732009
-5.082355,-9.020942,8.200203
-2.773281,-11.461621,4.433900
0.172283,-12.978670,0.579063
3.275774,-15.292529,-2.861816
6.537192,-13.076776,-3.574877
6.367301,-10.727024,-3.862016
3.476771,-9.339187,-4.816752
1.497907,-9.360723,-6.977471
3.828516,-10.502099,-7.044470
4.828716,-12.184253,-7.159326
4.718646,-12.942777,-7.640282
4.173083,-12.777672,-8.197811
3.294917,-12.763316,-8.496914
2.715853,-11.849257,-7.968100
2.335395,-11.253445,-7.015756
2.160719,-10.437491,-7.063612
1.966900,-10.655239,-7.164111
1.746760,-11.516656,-6.551548
1.452443,-12.559926,-6.238089
1.210768,-12.911672,-5.991628
1.000200,-12.701102,-5.637490
0.796810,-12.141183,-4.668397
0.746561,-10.920842,-3.548556
0.617348,-9.633504,-2.857030
0.600598,-8.767302,-2.653640
0.588634,-8.836694,-2.287539
0.512064,-9.265009,-1.916651
0.454636,-10.327423,-1.808974
0.543171,-11.157731,-1.627119
0.480957,-11.370694,-1.560120
0.378066,-11.382657,-1.383051
0.145962,-10.901700,-0.892523
0.105284,-10.250853,-0.799203
0.205783,-9.312866,-0.701097
0.301496,-8.977871,-0.715454
0.370888,-8.953942,-0.818345
0.148355,-9.542577,-0.660419
-0.090927,-10.353743,-0.378066
0.019143,-11.574083,-0.370888
0.023928,-11.887544,-0.763310
-0.198604,-11.966506,-0.844666
-0.284746,-10.987842,-0.504886
-0.591027,-9.903893,-0.504886
-0.715454,-8.896514,-0.543171
-0.732204,-8.437093,-0.792024
-0.502493,-8.796017,-0.780060
-0.332602,-9.817751,-0.552742
-0.143569,-10.645668,-0.512064
-0.165105,-11.298907,-0.622134
0.043071,-11.298907,-0.567099
0.186640,-11.083554,-0.169890
-0.040678,-10.738988,-0.040678
-0.112463,-9.439686,-0.033500
-0.028714,-8.252845,-0.098106
-0.004786,-7.668997,-0.169890
-0.059821,-8.202596,-0.119641
0.021535,-9.092726,-0.330210
-0.076570,-9.992428,-0.145962
-0.162712,-10.188639,0.043071
-0.476172,-10.052249,0.256032
-0.717847,-9.741181,0.031107
-0.696311,-9.623933,-0.181855
-0.550349,-9.568897,0.055035
-0.662812,-9.494720,0.246461
-0.739382,-9.741181,0.112463
-0.521635,-10.193424,-0.179462
-0.349352,-10.626525,-0.098106
-0.435494,-10.849058,0.253639
-0.459422,-10.557133,0.117248
-0.619741,-9.619147,-0.196211
-0.528814,-8.970692,-0.385244
-0.473779,-8.331808,-0.428315
-0.256032,-8.403593,-0.471386
-0.047856,-8.961121,-0.457029
-0.050249,-9.446864,-0.497707
-0.167498,-10.188639,0.014357
-0.550349,-10.573883,0.021535
-0.780060,-10.456635,-0.196211
-1.064806,-9.920642,-0.404387
-0.629312,-10.401600,-0.835095
-0.562313,-10.126426,-0.892523
-0.562313,-10.164711,-0.880559
-0.457029,-9.875179,-0.693919
-0.016750,-9.320045,-0.617348
-0.198604,-9.162118,-0.803988
-0.064606,-9.097511,-0.734596
0.098106,-10.116854,-0.653241
-1.598405,-8.949157,-0.713061
-0.533599,-10.645668,-1.182054
0.114855,-10.827522,-1.409373
0.418744,-11.227123,-1.454836
0.325424,-10.935200,-1.323231
-0.466600,-9.329616,-1.277767
-1.012164,-8.482556,-1.081556
-0.323031,-9.604790,-0.655633
0.236889,-10.920842,-0.270389
0.236889,-10.920842,-0.270389
0.047856,-10.729417,-0.756132
-1.026521,-10.052249,-0.926022
-0.892523,-7.853244,-1.122234
-1.572084,-9.729217,-0.131605
0.248854,-10.054641,0.007178
0.638884,-8.934800,-0.031107
0.052642,-9.305687,-0.141177
0.055035,-10.683953,0.284746
0.653241,-11.693724,0.638884
0.294317,-10.748559,0.937986
-1.012164,-9.987641,0.189033
-1.093520,-9.365508,0.062213
-0.368495,-9.293723,0.169890
-0.265603,-9.458827,0.339781
-0.234497,-9.391829,0.284746
-0.270389,-9.477970,0.124427
-0.366102,-9.946963,0.004786
-0.181855,-10.289137,0.122034
0.155533,-10.727024,0.270389
-0.016750,-10.466206,0.275175
-0.356531,-10.021141,0.227318
-0.512064,-9.781858,0.081356
-0.423530,-9.659825,0.131605
-0.275175,-9.576077,0.169890
-0.184247,-9.650253,0.155533
-0.167498,-9.700503,0.236889
-0.363709,-9.757930,0.267996
-0.370888,-9.635897,0.186640
-0.208176,-9.750752,0.177069
-0.114855,-9.918249,0.334995
-0.088534,-10.066606,0.380459
0.045464,-9.908678,0.406780
-0.229711,-9.765109,0.327817
-0.327817,-9.585647,0.186640
-0.074178,-9.401401,0.088534
-0.200997,-9.729217,0.028714
-0.062213,-9.915856,0.169890
-0.098106,-10.040283,0.153141
-0.074178,-10.009177,0.189033
-0.224925,-9.698111,-0.026321
-1.239482,-9.499505,-1.631905
0.500100,-10.432706,-0.516850
0.538385,-10.628918,0.129212
-0.323031,-10.413565,0.229711
-0.703490,-10.042676,-0.327817
-0.260818,-9.626326,-0.078963
-0.471386,-9.523434,-0.078963
-0.258425,-9.549755,-0.093320
