-0.385244,-9.561719,0.349352
-0.234497,-9.717253,0.483350
-0.181855,-9.894321,0.564706
-0.337388,-9.932607,0.306281
-0.236889,-9.934999,0.323031
-0.291924,-10.102496,-0.418744
-0.849452,-10.162319,0.179462
-0.772882,-10.348958,-0.047856
0.026321,-10.174281,0.318245
0.552742,-10.265208,0.358923
0.521635,-10.155140,0.411566
0.131605,-10.085747,0.119641
-0.215354,-9.781858,-0.033500
-0.382852,-9.693325,0.045464
-0.282353,-9.662218,0.174676
-0.011964,-9.707682,0.224925
0.162712,-9.698111,0.260818
0.157926,-9.834501,0.186640
0.110070,-10.064213,0.064606
0.093320,-10.193424,0.093320
0.098106,-10.131211,0.141177
-0.026321,-10.078569,0.232104
-0.232104,-10.001998,0.229711
-0.239282,-9.879964,0.253639
-0.301496,-9.796216,0.239282
-0.296710,-9.832108,0.363709
-0.275175,-9.887143,0.519243
-0.239282,-9.954143,0.715454
-0.112463,-10.018748,0.763310
-0.064606,-9.978070,0.736989
-0.133998,-9.985250,0.710668
-0.234497,-9.923036,0.839881
-0.236889,-9.817751,0.878166
-0.241675,-9.875179,0.815953
-0.181855,-9.994821,0.981057
-0.189033,-9.901501,1.160519
-0.222532,-9.870394,1.368695
-0.229711,-9.822537,1.473979
-0.222532,-9.681360,1.485943
-0.279960,-9.489935,1.660619
-0.325424,-9.219545,1.686940
-0.468993,-8.717053,1.818545
-0.581456,-8.353344,1.844866
-0.878166,-8.236095,1.966900
-1.390230,-8.310273,2.672783
-2.151148,-8.291130,4.417150
-2.663212,-8.449057,6.508478
-3.134598,-7.678568,8.080563
-4.266403,-6.951149,9.676575
-5.599205,-6.257231,11.691331
-6.582655,-5.343173,12.325430
-6.376873,-6.496514,11.779866
-4.278367,-8.752945,11.308479
-1.830509,-11.454442,9.466006
0.559920,-14.371292,7.862815
2.830709,-16.433905,7.812566
3.845266,-18.740587,7.329216
3.845266,-16.694723,7.831708
3.282953,-15.658630,6.948757
2.318645,-12.942777,6.484549
0.921237,-11.550155,3.337988
1.457229,-9.671788,0.315853
2.323431,-6.831509,-2.572284
2.761317,-6.673582,-4.716253
2.091327,-10.313066,-5.505885
1.627119,-13.313664,-7.305287
2.383251,-13.727623,-8.099705
3.203990,-13.512270,-7.903493
3.369094,-13.112667,-8.068598
3.160919,-10.686346,-8.441878
3.069991,-8.346166,-8.690732
2.785245,-7.140182,-8.372486
2.445465,-8.133204,-8.114061
1.942972,-10.121639,-7.800602
1.524228,-13.574483,-7.779066
1.483550,-15.579668,-7.379465
1.134198,-15.976876,-6.568298
0.480957,-13.811372,-6.080163
-0.057428,-11.095518,-6.384050
-0.078963,-8.327023,-6.295516
0.452243,-6.515656,-5.625526
0.708275,-6.683154,-5.029713
0.519243,-8.585447,-5.096712
0.220140,-11.236694,-5.615955
-0.117248,-13.203594,-4.981857
-0.165105,-14.043476,-3.854837
-0.129212,-14.287544,-2.605784
-0.440279,-14.009976,-1.890330
-0.607777,-12.744174,-1.859223
-0.698704,-10.497313,-2.210968
-0.495314,-8.853443,-2.610569
-0.078963,-7.690532,-2.402394
0.189033,-7.764710,-2.117648
0.210568,-8.717053,-1.416551
-0.002393,-10.997414,0.272782
-0.002393,-10.997414,0.253639
-0.390030,-11.205588,-0.145962
-0.349352,-10.545169,-0.586242
-0.014357,-9.930215,-0.521635
0.186640,-9.884750,-0.294317
0.370888,-9.951750,0.122034
0.385244,-9.951750,0.677169
0.191426,-9.987641,0.701097
-0.464208,-9.990034,0.318245
-0.191426,-10.325029,0.526421
-0.576670,-10.301102,0.126820
-0.954736,-9.690931,-0.315853
-0.588634,-9.597611,-0.531207
-0.043071,-9.700503,-0.318245
0.282353,-9.719646,0.181855
0.533599,-9.930215,0.497707
0.468993,-10.334601,0.284746
0.100499,-10.600205,0.189033
-0.227318,-10.987842,0.208176
-0.098106,-10.935200,0.277567
-0.229711,-10.380065,0.433101
-0.803988,-9.427721,0.148355
-0.734596,-8.894121,-0.258425
-0.476172,-9.109475,-0.208176
-0.196211,-9.482756,0.033500
-0.074178,-9.853643,0.172283
-0.105284,-10.092925,0.315853
-0.172283,-10.255639,0.306281
-0.114855,-9.994821,0.512064
-0.220140,-9.707682,0.468993
-0.200997,-9.025726,0.468993
-0.961915,-8.898908,0.409173
-0.545564,-8.927622,0.600598
-0.217747,-9.382257,0.514457
-0.165105,-9.856036,0.490529
-0.160319,-10.193424,0.638884
-0.167498,-10.229317,0.803988
-0.713061,-10.193424,0.698704
-0.229711,-10.339387,0.792024
-0.315853,-10.363315,0.777667
-0.851845,-9.614362,0.990629
-0.806381,-9.150154,0.605384
-0.672383,-8.724231,0.253639
-0.198604,-9.016156,0.344566
0.083749,-9.595219,0.552742
0.052642,-10.071390,0.746561
-0.040678,-10.470992,0.703490
-0.258425,-10.511670,0.557528
-0.600598,-10.262815,0.277567
-0.847059,-10.025927,0.169890
-1.177269,-9.497113,-0.021535
-1.538585,-8.836694,-0.224925
-1.457229,-8.283953,-0.459422
-0.741775,-8.618947,-0.375673
0.105284,-9.623933,0.019143
0.705883,-10.399208,0.394816
0.674776,-10.841879,0.509671
0.093320,-10.995021,0.272782
-0.538385,-10.827522,-0.057428
-1.060020,-10.442278,-0.303888
-1.172483,-9.937392,0.050249
-1.383051,-9.640682,0.203390
-0.641276,-9.085547,0.212961
-1.426122,-12.023933,1.737189
-0.942772,-12.459428,-0.416351
-0.734596,-10.715059,-0.933201
-0.189033,-9.226725,-0.629312
0.021535,-10.092925,-0.344566
-2.526821,-8.659625,0.339781
-0.904487,-10.052249,-0.354138
-0.878166,-10.179067,-0.344566
-0.227318,-10.339387,0.150748
-0.143569,-10.578669,0.033500
-0.710668,-9.468399,-0.416351
-0.710668,-9.468399,-0.416351
-0.210568,-9.686146,0.124427
0.023928,-9.944571,0.136391
0.236889,-9.681360,0.246461
0.136391,-9.200402,0.452243
-0.055035,-9.442079,0.428315
-0.232104,-10.080962,0.533599
0.330210,-10.504492,0.313460
0.380459,-11.059627,0.191426
0.023928,-11.210374,0.440279
-0.409173,-10.808380,0.440279
1.895115,-11.578869,-0.856631
-0.136391,-9.724431,0.282353
-0.165105,-9.128618,0.784846
-0.315853,-9.195618,0.495314
0.081356,-9.248260,0.528814
0.076570,-9.425328,0.631705
-0.277567,-9.750752,0.662812
-0.189033,-10.090532,0.720240
-0.258425,-10.466206,0.921237
-0.117248,-10.250853,1.004985
-0.289532,-9.978070,0.887737
-0.069392,-9.394222,0.928415
0.117248,-8.918050,0.981057
0.083749,-9.080762,0.859023
-0.066999,-9.413363,0.851845
-0.009571,-9.564112,0.899701
-0.141177,-9.667004,0.866202
-0.282353,-9.748360,0.792024
-0.270389,-9.877571,0.586242
-0.339781,-9.743573,0.440279
-0.655633,-9.489935,0.392423
-0.435494,-9.379865,0.519243
0.074178,-9.827322,0.715454
0.100499,-9.985250,0.693919
0.203390,-10.090532,0.679562
-0.040678,-9.946963,0.799203
-0.081356,-9.903893,0.849452
-0.145962,-9.961320,0.693919
-0.124427,-10.009177,0.600598
-0.191426,-9.901501,0.545564
-0.406780,-9.585647,0.492921
-0.375673,-9.401401,0.507278
-0.425922,-9.600004,0.545564
-0.516850,-9.647861,0.641276
-0.528814,-9.669396,0.622134
-0.169890,-10.133603,0.717847
-0.105284,-10.365707,0.732204
0.614955,-10.272388,0.050249
-0.780060,-9.233903,0.428315
-0.330210,-9.477970,0.423530
-0.169890,-9.616754,0.815953
0.870987,-10.267602,0.662812
0.291924,-10.499706,0.504886
