-0.349352,-9.494720,0.409173
-0.349352,-9.494720,0.409173
-0.617348,-9.150154,0.325424
-0.617348,-9.150154,0.325424
-0.581456,-9.224331,0.588634
-0.581456,-9.224331,0.588634
-0.430708,-9.571291,0.921237
-0.430708,-9.571291,0.921237
-0.344566,-9.841680,1.033699
-0.344566,-9.841680,1.033699
-0.320638,-9.980463,1.002593
-0.320638,-9.980463,1.002593
-0.351745,-9.863215,0.875773
-0.351745,-9.863215,0.875773
-0.373280,-9.719646,0.681954
-0.373280,-9.719646,0.681954
-0.392423,-9.621540,0.746561
-0.392423,-9.621540,0.746561
-0.382852,-9.906286,0.789631
-0.382852,-9.906286,0.789631
-0.263210,-10.080962,0.775275
-0.263210,-10.080962,0.775275
-0.193819,-10.104890,0.729811
-0.193819,-10.104890,0.729811
-0.227318,-10.052249,0.720240
-0.227318,-10.052249,0.720240
-0.277567,-9.992428,0.696311
-0.277567,-9.992428,0.696311
-0.375673,-9.889536,0.717847
-0.375673,-9.889536,0.717847
-0.461815,-9.796216,0.760918
-0.461815,-9.796216,0.760918
-0.447458,-9.714860,0.832702
-0.447458,-9.714860,0.832702
-0.394816,-9.710074,0.870987
-0.394816,-9.710074,0.870987
-0.406780,-9.803394,0.940379
-0.406780,-9.803394,0.940379
-0.356531,-9.875179,0.990629
-0.356531,-9.875179,0.990629
-0.366102,-9.975677,0.964308
-0.366102,-9.975677,0.964308
-0.265603,-10.054641,1.012164
-0.265603,-10.054641,1.012164
-0.177069,-10.037891,0.916451
-0.177069,-10.037891,0.916451
-0.241675,-9.990034,0.832702
-0.241675,-9.990034,0.832702
-0.244068,-9.920642,0.928415
-0.244068,-9.920642,0.928415
-0.224925,-9.923036,0.926022
-0.224925,-9.923036,0.926022
-0.215354,-9.903893,1.002593
-0.215354,-9.903893,1.002593
-0.172283,-9.817751,1.050449
-0.172283,-9.817751,1.050449
-0.205783,-9.769895,1.024128
-0.205783,-9.769895,1.024128
-0.145962,-9.707682,1.076770
-0.145962,-9.707682,1.076770
-0.090927,-9.595219,1.105484
-0.090927,-9.595219,1.105484
-0.047856,-9.489935,1.036092
-0.047856,-9.489935,1.036092
-0.028714,-9.384650,1.021735
-0.028714,-9.384650,1.021735
0.095713,-9.226725,1.024128
0.095713,-9.226725,1.024128
0.153141,-9.198010,1.100698
0.153141,-9.198010,1.100698
-0.043071,-9.255438,1.213161
-0.043071,-9.255438,1.213161
-0.287139,-9.332008,1.359123
-0.287139,-9.332008,1.359123
-0.394816,-9.461221,1.548156
-0.394816,-9.461221,1.548156
-0.447458,-9.585647,1.895115
-0.447458,-9.585647,1.895115
-1.016950,-9.296116,3.974478
-1.016950,-9.296116,3.974478
-1.976472,-8.817552,7.728817
-1.976472,-8.817552,7.728817
-3.505485,-8.085347,13.581660
-3.505485,-8.085347,13.581660
-6.092126,-6.833901,20.475384
-6.092126,-6.833901,20.475384
-9.820145,-6.218946,29.661430
-9.820145,-6.218946,29.661430
-11.851650,-3.725625,35.949764
-11.851650,-3.725625,35.949764
-9.016156,-0.117248,37.050465
-9.016156,-0.117248,37.050465
-2.009971,4.017549,31.080372
-2.009971,4.017549,31.080372
3.373880,5.572884,23.777479
3.373880,5.572884,23.777479
6.125626,0.210568,19.020546
6.125626,0.210568,19.020546
7.223931,-7.403394,15.771093
7.223931,-7.403394,15.771093
9.444471,-14.670395,16.431513
9.444471,-14.670395,16.431513
9.375079,-19.298115,15.783059
9.375079,-19.298115,15.783059
5.345565,-15.775880,17.874384
5.345565,-15.775880,17.874384
-1.739582,-8.051848,15.007784
-1.739582,-8.051848,15.007784
-11.279767,-5.161318,7.109076
-11.279767,-5.161318,7.109076
-9.985250,-7.365108,-1.538585
-9.985250,-7.365108,-1.538585
-1.727618,-12.239288,-4.977071
-1.727618,-12.239288,-4.977071
1.986043,-19.008583,-6.324231
1.986043,-19.008583,-6.324231
6.151947,-19.039690,-7.027720
6.151947,-19.039690,-7.027720
8.044669,-15.158531,-8.999406
8.044669,-15.158531,-8.999406
5.682954,-12.186646,-10.394422
5.682954,-12.186646,-10.394422
4.108476,-12.758532,-8.085347
4.108476,-12.758532,-8.085347
5.972485,-15.771093,-5.903094
5.972485,-15.771093,-5.903094
8.389235,-17.003399,-5.328816
8.389235,-17.003399,-5.328816
9.439686,-15.914663,-6.084948
9.439686,-15.914663,-6.084948
8.575876,-12.806387,-7.429714
8.575876,-12.806387,-7.429714
5.678168,-9.786645,-9.470792
5.678168,-9.786645,-9.470792
2.218147,-9.023334,-9.662218
2.218147,-9.023334,-9.662218
0.031107,-10.576276,-8.604590
0.031107,-10.576276,-8.604590
0.844666,-13.179667,-6.558727
0.844666,-13.179667,-6.558727
3.132205,-15.259030,-3.409772
3.132205,-15.259030,-3.409772
2.770889,-13.636696,-2.172683
2.770889,-13.636696,-2.172683
1.868794,-10.648061,-1.402194
1.868794,-10.648061,-1.402194
1.100698,-8.793623,-1.256232
1.100698,-8.793623,-1.256232
0.966700,-8.453842,-0.698704
0.966700,-8.453842,-0.698704
1.167697,-9.635897,-0.059821
1.167697,-9.635897,-0.059821
1.158126,-11.693724,0.667598
1.158126,-11.693724,0.667598
1.354338,-13.612768,1.636691
1.354338,-13.612768,1.636691
1.485943,-14.301902,2.500499
1.485943,-14.301902,2.500499
1.641476,-13.689339,2.739782
1.641476,-13.689339,2.739782
1.404587,-11.600404,2.766103
1.404587,-11.600404,2.766103
0.885344,-9.793823,2.773281
0.885344,-9.793823,2.773281
0.349352,-8.733803,2.914458
0.349352,-8.733803,2.914458
-0.019143,-8.090133,2.924029
-0.019143,-8.090133,2.924029
0.002393,-8.657232,2.904887
0.002393,-8.657232,2.904887
0.189033,-9.662218,3.259024
0.189033,-9.662218,3.259024
0.373280,-10.786844,3.732803
0.373280,-10.786844,3.732803
0.818345,-11.370694,4.079762
0.818345,-11.370694,4.079762
1.292124,-10.959127,4.328616
1.292124,-10.959127,4.328616
1.579263,-10.540384,4.505685
1.579263,-10.540384,4.505685
1.536192,-9.688539,4.472186
1.536192,-9.688539,4.472186
1.289732,-8.848659,4.558327
1.289732,-8.848659,4.558327
0.904487,-7.812566,4.608576
0.904487,-7.812566,4.608576
0.478565,-7.779066,4.338188
0.478565,-7.779066,4.338188
0.401994,-8.738588,4.220939
0.401994,-8.738588,4.220939
0.588634,-10.131211,4.292724
0.588634,-10.131211,4.292724
0.679562,-10.911271,4.481757
0.679562,-10.911271,4.481757
0.567099,-11.021341,4.577469
0.567099,-11.021341,4.577469
0.210568,-10.506885,4.285545
0.210568,-10.506885,4.285545
0.002393,-9.822537,4.012764
0.002393,-9.822537,4.012764
0.040678,-9.212367,3.976871
0.040678,-9.212367,3.976871
0.016750,-8.860621,4.029513
0.016750,-8.860621,4.029513
0.318245,-9.133404,4.106083
0.318245,-9.133404,4.106083
0.433101,-9.688539,4.225725
0.433101,-9.688539,4.225725
0.543171,-9.812965,4.287938
0.543171,-9.812965,4.287938
0.571885,-9.664611,4.163511
0.571885,-9.664611,4.163511
0.634098,-9.075976,3.840480
0.634098,-9.075976,3.840480
0.600598,-8.690732,3.333202
0.600598,-8.690732,3.333202
0.636491,-8.549555,3.136991
0.636491,-8.549555,3.136991
0.713061,-8.623734,3.117848
0.713061,-8.623734,3.117848
0.667598,-8.867801,3.043670
0.667598,-8.867801,3.043670
0.583849,-9.162118,3.060420
0.583849,-9.162118,3.060420
0.514457,-9.683753,3.120241
0.514457,-9.683753,3.120241
0.535992,-10.291530,3.122634
0.535992,-10.291530,3.122634
0.435494,-10.327423,2.979064
0.435494,-10.327423,2.979064
0.253639,-9.939785,2.785245
0.253639,-9.939785,2.785245
0.138784,-9.422935,2.617748
0.138784,-9.422935,2.617748
0.102891,-9.102298,2.469393
0.102891,-9.102298,2.469393
0.129212,-9.099905,2.438286
0.129212,-9.099905,2.438286
0.270389,-9.262616,2.493321
0.270389,-9.262616,2.493321
0.452243,-9.774680,2.440679
0.452243,-9.774680,2.440679
0.445065,-10.078569,2.519642
0.445065,-10.078569,2.519642
0.351745,-10.226924,2.550749
0.351745,-10.226924,2.550749
0.404387,-10.083356,2.665605
0.404387,-10.083356,2.665605
0.440279,-9.413363,2.612962
0.440279,-9.413363,2.612962
0.435494,-9.087940,2.419144
0.435494,-9.087940,2.419144
0.459422,-9.080762,2.517249
0.459422,-9.080762,2.517249
0.461815,-9.133404,2.589034
0.461815,-9.133404,2.589034
0.404387,-8.970692,2.584249
0.404387,-8.970692,2.584249
0.234497,-8.987441,2.572284
0.234497,-8.987441,2.572284
-0.019143,-9.487542,2.675175
-0.019143,-9.487542,2.675175
0.729811,-9.908678,2.610569
0.729811,-9.908678,2.610569
0.715454,-10.140782,2.531606
0.715454,-10.140782,2.531606
1.098306,-9.858429,2.488536
1.098306,-9.858429,2.488536
0.674776,-9.801002,2.512464
0.674776,-9.801002,2.512464
0.715454,-9.767502,2.452643
0.715454,-9.767502,2.452643
0.622134,-10.461421,2.390430
0.622134,-10.461421,2.390430
0.196211,-10.021141,2.471786
0.196211,-10.021141,2.471786
-0.057428,-9.298509,2.268396
-0.057428,-9.298509,2.268396
-0.636491,-8.786445,2.203789
-0.636491,-8.786445,2.203789
-0.277567,-9.439686,2.208575
-0.277567,-9.439686,2.208575
0.576670,-10.054641,2.201397
0.576670,-10.054641,2.201397
1.253839,-10.451849,2.134398
1.253839,-10.451849,2.134398
1.028914,-10.068997,2.175076
1.028914,-10.068997,2.175076
0.495314,-9.516255,1.969293
0.495314,-9.516255,1.969293
0.799203,-9.513863,2.086541
0.799203,-9.513863,2.086541
1.239482,-9.406186,2.376073
1.239482,-9.406186,2.376073
1.124627,-9.927821,2.481357
1.124627,-9.927821,2.481357
1.036092,-9.487542,2.478964
1.036092,-9.487542,2.478964
0.062213,-8.939585,2.313859
0.062213,-8.939585,2.313859
-0.119641,-8.681160,2.167897
-0.119641,-8.681160,2.167897
-0.076570,-9.147761,2.115255
-0.076570,-9.147761,2.115255
0.516850,-9.717253,2.088934
0.516850,-9.717253,2.088934
0.856631,-9.714860,1.969293
0.856631,-9.714860,1.969293
1.351945,-9.667004,1.909473
1.351945,-9.667004,1.909473
1.294517,-9.863215,1.926222
1.294517,-9.863215,1.926222
1.060020,-10.485349,2.134398
1.060020,-10.485349,2.134398
0.473779,-9.911072,2.220540
0.473779,-9.911072,2.220540
-0.215354,-9.413363,2.179861
-0.215354,-9.413363,2.179861
-0.490529,-9.040084,2.165504
-0.490529,-9.040084,2.165504
-0.265603,-8.851050,2.158326
-0.265603,-8.851050,2.158326
-0.212961,-9.975677,2.139183
-0.212961,-9.975677,2.139183
0.904487,-10.092925,2.337788
0.904487,-10.092925,2.337788
0.904487,-10.092925,2.337788
0.904487,-10.092925,2.337788
0.605384,-9.504292,2.043471
0.605384,-9.504292,2.043471
-0.098106,-9.054441,2.277967
-0.098106,-9.054441,2.277967
-0.083749,-9.480364,2.347359
-0.083749,-9.480364,2.347359
-0.181855,-9.554541,2.132005
-0.181855,-9.554541,2.132005
-0.055035,-9.434900,1.713261
-0.055035,-9.434900,1.713261
0.098106,-9.549755,1.708475
0.098106,-9.549755,1.708475
0.351745,-9.719646,1.883151
0.351745,-9.719646,1.883151
1.002593,-10.126426,1.986043
1.002593,-10.126426,1.986043
1.186840,-10.169496,2.036292
1.186840,-10.169496,2.036292
0.179462,-9.726824,1.921437
0.179462,-9.726824,1.921437
-1.074377,-9.372685,2.017149
-1.074377,-9.372685,2.017149
-0.519243,-9.265009,1.962115
-0.519243,-9.265009,1.962115
-0.148355,-9.801002,2.158326
-0.148355,-9.801002,2.158326
0.981057,-9.260223,2.349752
0.981057,-9.260223,2.349752
0.796810,-10.315458,1.947758
0.796810,-10.315458,1.947758
0.880559,-10.686346,1.914258
0.880559,-10.686346,1.914258
1.043271,-10.913664,1.823331
1.043271,-10.913664,1.823331
0.693919,-10.557133,1.875973
0.693919,-10.557133,1.875973
0.126820,-10.396815,2.043471
0.126820,-10.396815,2.043471
-0.215354,-9.932607,2.237289
-0.215354,-9.932607,2.237289
-0.528814,-9.126225,2.385644
-0.528814,-9.126225,2.385644
-0.765703,-8.606983,2.282753
-0.765703,-8.606983,2.282753
-0.703490,-8.829515,1.964507
-0.703490,-8.829515,1.964507
-0.133998,-9.068797,1.899901
-0.133998,-9.068797,1.899901
0.483350,-9.480364,1.852045
0.483350,-9.480364,1.852045
0.844666,-10.080962,1.854438
0.844666,-10.080962,1.854438
2.057827,-9.707682,1.811367
2.057827,-9.707682,1.811367
1.823331,-10.296316,1.529014
1.823331,-10.296316,1.529014
1.189233,-10.224532,1.598405
1.189233,-10.224532,1.598405
0.557528,-9.968499,1.447658
0.557528,-9.968499,1.447658
-0.282353,-9.363115,1.241875
-0.282353,-9.363115,1.241875
-0.930808,-8.903693,1.339981
-0.930808,-8.903693,1.339981
0.186640,-9.293723,1.385444
0.186640,-9.293723,1.385444
0.643669,-9.473185,1.584049
0.643669,-9.473185,1.584049
1.241875,-9.540184,1.612763
1.241875,-9.540184,1.612763
1.923829,-9.848858,1.689333
1.923829,-9.848858,1.689333
1.919044,-10.049855,1.660619
1.919044,-10.049855,1.660619
1.418944,-10.655239,1.631905
1.418944,-10.655239,1.631905
0.413958,-9.415757,1.713261
0.413958,-9.415757,1.713261
-0.399601,-8.987441,1.715654
-0.399601,-8.987441,1.715654
-0.272782,-9.217153,1.660619
-0.272782,-9.217153,1.660619
-0.019143,-9.674182,1.507478
-0.019143,-9.674182,1.507478
0.847059,-9.848858,1.478764
0.847059,-9.848858,1.478764
0.847059,-9.848858,1.478764
0.847059,-9.848858,1.478764
1.706082,-10.334601,1.261017
1.706082,-10.334601,1.261017
1.935793,-10.080962,1.098306
1.935793,-10.080962,1.098306
1.184447,-9.669396,1.261017
1.184447,-9.669396,1.261017
0.330210,-8.910872,1.598405
0.330210,-8.910872,1.598405
-0.074178,-8.578269,1.765903
-0.074178,-8.578269,1.765903
-0.552742,-8.461020,1.619941
-0.552742,-8.461020,1.619941
-0.502493,-8.274381,1.328017
-0.502493,-8.274381,1.328017
-0.449851,-8.499306,1.122234
-0.449851,-8.499306,1.122234
0.222532,-9.016156,1.289732
0.222532,-9.016156,1.289732
1.610370,-9.889536,1.634298
1.610370,-9.889536,1.634298
1.696511,-10.009177,1.866402
1.696511,-10.009177,1.866402
0.758525,-10.638489,1.763510
0.758525,-10.638489,1.763510
0.169890,-10.729417,1.301696
0.169890,-10.729417,1.301696
-1.564906,-10.298709,1.002593
-1.564906,-10.298709,1.002593
-0.459422,-11.361122,1.105484
-0.459422,-11.361122,1.105484
0.705883,-11.980864,1.378266
0.705883,-11.980864,1.378266
1.600798,-10.758131,1.395016
1.600798,-10.758131,1.395016
0.803988,-9.777073,1.313660
0.803988,-9.777073,1.313660
-0.045464,-9.753145,1.131805
-0.045464,-9.753145,1.131805
-0.119641,-9.853643,1.136591
-0.119641,-9.853643,1.136591
-0.177069,-10.205389,1.198804
-0.177069,-10.205389,1.198804
0.294317,-10.490135,1.148555
0.294317,-10.490135,1.148555
0.330210,-10.325029,1.103091
0.330210,-10.325029,1.103091
0.234497,-10.097712,1.167697
0.234497,-10.097712,1.167697
0.337388,-9.784252,1.179662
0.337388,-9.784252,1.179662
0.418744,-9.590433,1.043271
0.418744,-9.590433,1.043271
0.287139,-9.432507,0.988236
0.287139,-9.432507,0.988236
0.327817,-9.320045,1.069592
0.327817,-9.320045,1.069592
0.445065,-9.554541,1.194018
0.445065,-9.554541,1.194018
0.550349,-9.951750,1.296910
0.550349,-9.951750,1.296910
0.507278,-10.045070,1.304088
0.507278,-10.045070,1.304088
0.327817,-9.695717,1.272982
0.327817,-9.695717,1.272982
0.344566,-8.989835,1.229911
0.344566,-8.989835,1.229911
0.399601,-8.915657,1.182054
0.399601,-8.915657,1.182054
0.471386,-9.389436,1.160519
0.471386,-9.389436,1.160519
0.535992,-9.717253,1.189233
0.535992,-9.717253,1.189233
0.409173,-9.958927,1.124627
0.409173,-9.958927,1.124627
0.291924,-9.801002,1.060020
0.291924,-9.801002,1.060020
0.131605,-9.789038,0.995414
0.131605,-9.789038,0.995414
0.153141,-9.915856,0.847059
0.153141,-9.915856,0.847059
0.356531,-10.095319,0.933201
0.356531,-10.095319,0.933201
0.454636,-9.956534,1.122234
0.454636,-9.956534,1.122234
0.457029,-9.875179,1.127020
0.457029,-9.875179,1.127020
0.433101,-9.671788,0.952343
0.433101,-9.671788,0.952343
0.117248,-9.607183,0.832702
0.117248,-9.607183,0.832702
0.251246,-9.571291,0.918844
0.251246,-9.571291,0.918844
0.430708,-9.571291,0.961915
0.430708,-9.571291,0.961915
0.373280,-9.655040,0.902094
0.373280,-9.655040,0.902094
0.538385,-9.858429,0.531207
0.538385,-9.858429,0.531207
0.538385,-9.858429,0.531207
0.538385,-9.858429,0.531207
0.241675,-9.781858,0.681954
0.241675,-9.781858,0.681954
0.531207,-9.566505,0.653241
0.531207,-9.566505,0.653241
0.552742,-9.619147,0.459422
0.552742,-9.619147,0.459422
0.167498,-9.887143,0.818345
0.167498,-9.887143,0.818345
0.425922,-10.212566,0.897308
0.425922,-10.212566,0.897308
0.239282,-10.164711,0.947558
0.239282,-10.164711,0.947558
-0.162712,-10.004392,0.894916
-0.162712,-10.004392,0.894916
0.078963,-9.772287,0.902094
0.078963,-9.772287,0.902094
0.382852,-9.738789,0.904487
0.382852,-9.738789,0.904487
0.519243,-9.674182,1.083949
0.500100,-9.568897,1.107877
0.425922,-9.801002,1.093520
0.535992,-10.121639,1.222732
0.631705,-10.401600,1.428515
0.291924,-10.353743,1.272982
0.093320,-10.045070,1.074377
0.244068,-9.710074,1.012164
0.315853,-9.717253,0.940379
0.392423,-9.765109,0.885344
0.473779,-9.801002,0.866202
0.634098,-9.848858,0.949951
0.669990,-9.958927,1.038485
0.631705,-10.119246,0.971486
0.569492,-10.217353,1.019342
0.385244,-10.325029,0.981057
0.258425,-10.401600,1.031307
0.260818,-10.389636,0.942772
0.193819,-10.262815,0.897308
0.332602,-9.841680,0.875773
0.332602,-9.841680,0.875773
0.390030,-9.820145,0.827917
0.433101,-9.781858,1.057628
0.373280,-9.671788,0.995414
0.289532,-9.846465,0.964308
0.318245,-9.982857,0.954736
0.466600,-10.011569,0.918844
0.576670,-10.088140,0.894916
0.571885,-10.092925,0.930808
0.689133,-9.999605,0.894916
0.794417,-9.801002,0.957129
0.646062,-9.597611,0.825524
0.454636,-9.446864,0.655633
0.600598,-9.791430,0.461815
0.918844,-10.092925,0.535992
1.019342,-10.707881,0.452243
1.730011,-10.516455,0.746561
1.509871,-10.097712,0.531207
1.249053,-10.152746,0.062213
1.806581,-9.722038,-0.253639
2.196611,-9.932607,-0.473779
2.517249,-10.171888,-0.763310
2.971886,-10.229317,-0.906880
3.177669,-10.011569,-1.040878
3.227918,-10.013963,-1.227518
3.337988,-9.863215,-1.418944
3.469593,-9.774680,-1.385444
3.704089,-9.667004,-0.923629
3.658626,-9.702895,-0.631705
3.708875,-9.925428,-1.052842
3.708875,-9.925428,-1.052842
3.806981,-9.724431,-1.067199
3.914658,-9.186047,-0.985843
3.728018,-8.367701,-0.923629
3.498307,-8.291130,-0.952343
3.225525,-8.762517,-1.162912
2.907279,-9.226725,-1.414158
2.550749,-9.121440,-1.567299
2.239682,-9.554541,-1.820938
1.995614,-9.853643,-1.854438
1.813759,-9.367901,-1.789831
1.354338,-8.918050,-1.904687
0.890130,-9.126225,-1.799403
0.576670,-9.186047,-1.354338
0.246461,-8.731410,-1.361516
-0.110070,-8.408379,-2.069792
-0.557528,-8.367701,-2.938386
-1.016950,-8.532805,-2.971886
-1.612763,-8.803195,-2.627320
-2.388037,-9.099905,-2.799603
-3.359523,-8.750552,-3.105884
-4.409972,-9.018548,-3.232704
-5.407779,-9.801002,-3.878766
-5.903094,-10.071390,-3.684947
-5.670990,-10.463813,-3.443272
-5.213961,-10.590633,-3.610770
-4.957928,-11.389835,-4.036692
-4.850252,-12.722638,-4.840680
-4.577469,-13.464413,-6.068198
-4.333402,-12.904492,-6.683154
-4.187439,-12.081362,-7.223931
-4.297509,-11.260624,-7.372287
-4.725825,-10.413565,-7.188039
-5.111069,-9.815358,-6.975078
-6.084948,-9.655040,-6.929615
-6.180661,-10.009177,-8.042276
-5.965307,-9.786645,-8.547162
-5.489135,-10.054641,-8.731410
-4.496114,-9.260223,-8.559127
-4.500899,-8.726624,-7.800602
-4.292724,-7.094719,-7.578069
-4.352544,-5.204390,-7.506285
-4.491328,-3.644269,-7.647461
-4.776074,-2.694318,-7.463214
-4.960321,-2.000400,-7.982457
-5.213961,-1.318445,-8.403593
-5.326423,-1.117448,-8.528020
-5.486742,-1.596013,-8.094919
-5.343173,-1.840081,-7.824530
-4.953143,-1.674976,-7.379465
-4.646862,-1.174876,-6.953543
-4.484150,-0.861416,-6.929615
-4.692325,-0.363709,-6.709475
-4.969893,0.229711,-6.771688
-5.166104,0.825524,-6.510870
-5.053641,1.256232,-6.374479
-4.766503,1.591227,-5.843273
-4.852644,1.524228,-5.448457
-5.228317,1.418944,-4.984250
-5.534599,1.256232,-4.433900
-5.376673,1.562513,-4.139583
-5.582455,1.531406,-3.732803
-5.733203,1.725225,-3.266203
-5.749953,2.024328,-3.309274
-5.867201,2.096112,-3.141776
-5.955735,1.933401,-2.170290
-6.166305,2.072184,-2.242075
-6.563512,2.452643,-2.304288
-7.010970,2.974278,-2.533999
-7.563712,3.527020,-3.046063
-7.934600,3.821337,-3.534199
-8.027920,3.878766,-3.969693
-7.680960,3.594020,-4.259224
-7.580462,3.409772,-4.515256
-7.640282,3.175276,-4.603791
-7.649854,3.060420,-4.543970
-7.635497,3.373880,-4.228118
-7.891530,3.847659,-4.110869
-8.075776,4.113262,-4.043870
-8.260024,4.043870,-4.046263
-8.508877,3.510271,-4.003192
-8.372486,2.656033,-3.845266
-8.334201,1.923829,-3.701697
-8.293523,1.588834,-3.060420
-8.336594,1.272982,-2.687140
-8.511270,1.215554,-2.524428
-8.898908,1.560120,-2.428715
-9.085547,2.014757,-2.084148
-8.958728,2.701497,-2.163112
-8.544770,2.734996,-2.665605
-8.250452,2.622534,-3.259024
-7.968100,2.263610,-3.972085
-8.530413,2.287539,-3.943372
-15.962520,3.897908,-3.330809
-17.103895,0.148355,-7.070791
-3.988836,5.800202,-3.206382
-3.988836,5.800202,-3.206382
-10.643275,3.397808,-2.380858
-9.339187,4.704289,-1.684547
-8.087741,4.716253,-2.060220
-8.578269,3.917051,-2.349752
-9.095119,2.945565,-3.177669
-8.518449,3.180061,-3.694518
-7.889136,3.938586,-4.132405
-7.831708,4.331009,-4.472186
-7.987241,4.752146,-3.495914
-8.126025,4.876573,-3.208775
-8.834301,4.989035,-3.885944
-8.829515,5.051248,-4.644469
-8.338986,5.718846,-5.044070
-7.972885,6.166305,-5.395815
-7.757531,6.321837,-5.309673
-7.750352,5.929415,-4.960321
-7.867601,5.142176,-4.553542
-7.948956,4.472186,-4.110869
-8.121240,3.840480,-3.838088
-8.202596,3.558127,-3.725625
-8.233703,3.316452,-3.670590
-8.135597,3.218346,-3.646662
-8.059027,3.306881,-3.725625
-8.037491,3.426522,-3.749553
-8.097312,3.491128,-3.651447
-8.360522,3.531806,-3.510271
-8.616554,3.385844,-3.361916
-8.606983,3.170490,-3.182454
-8.489735,3.007778,-3.072384
-8.379664,2.988636,-2.938386
-8.360522,2.904887,-2.916851
-8.432307,3.007778,-2.988636
-8.451449,3.215954,-3.005385
-8.444271,3.354738,-3.043670
-8.518449,3.519842,-2.998207
-8.458629,3.730411,-2.943172
-8.365308,3.967300,-2.849852
-8.394022,4.098906,-2.758924
-8.432307,4.118048,-2.656033
-8.353344,4.127619,-2.557927
-8.358130,4.139583,-2.483750
-8.401200,3.986443,-2.419144
-8.439486,3.926622,-2.498107
-8.425128,3.869194,-2.505285
-8.408379,3.931407,-2.663212
-8.370094,3.926622,-2.718246
-8.396415,4.043870,-2.756532
-8.382057,4.070191,-2.845066
-8.360522,3.986443,-2.694318
-8.338986,3.833302,-2.596212
-8.427521,3.694518,-2.464607
-8.504091,3.622734,-2.368894
-8.489735,3.570091,-2.325824
-8.551948,3.536592,-2.309074
-8.542377,3.515057,-2.380858
-8.516055,3.433701,-2.423929
-8.520842,3.500700,-2.538785
-8.559127,3.538985,-2.653640
-8.566305,3.716053,-2.773281
-8.544770,3.742374,-2.715853
-8.580662,3.694518,-2.675175
-8.621340,3.658626,-2.591427
-8.571091,3.589234,-2.526821
-8.549555,3.598805,-2.560320
-8.563912,3.646662,-2.646462
-8.525627,3.797409,-2.806781
-8.571091,3.833302,-2.835495
-8.508877,3.785445,-2.766103
-8.525627,3.792624,-2.746960
-8.604590,3.737589,-2.565106
-8.597411,3.634698,-2.490928
-8.635696,3.546163,-2.467000
-8.580662,3.491128,-2.560320
-8.549555,3.625126,-2.679961
-8.556733,3.668197,-2.775674
-8.585447,3.663411,-2.845066
-8.518449,3.649055,-2.809174
-8.542377,3.620341,-2.723032
-8.554340,3.582055,-2.651247
-8.571091,3.531806,-2.586641
-8.575876,3.517449,-2.531606
-8.580662,3.577270,-2.593820
-8.544770,3.546163,-2.553142
-8.559127,3.605984,-2.617748
-8.539984,3.661019,-2.651247
-8.520842,3.701697,-2.653640
-8.518449,3.720839,-2.703890
-8.516055,3.723232,-2.696711
-8.542377,3.708875,-2.651247
-8.549555,3.682554,-2.730211
-8.525627,3.706482,-2.627320
-8.559127,3.677768,-2.639283
-8.571091,3.692125,-2.663212
-8.561519,3.778267,-2.648855
-8.501699,3.756732,-2.684747
-8.492127,3.711268,-2.746960
-8.501699,3.778267,-2.715853
-8.484949,3.833302,-2.725425
-8.518449,3.799802,-2.794817
-8.472985,3.842873,-2.773281
-8.487342,3.881158,-2.780460
-8.449057,3.811767,-2.797210
-8.403593,3.802195,-2.758924
-8.451449,3.754339,-2.742175
-8.477771,3.768696,-2.720639
-8.484949,3.756732,-2.732604
-8.511270,3.711268,-2.775674
-8.520842,3.811767,-2.797210
-8.528020,3.799802,-2.840281
-8.496914,3.871587,-2.876173
-8.453842,3.909872,-2.809174
-8.470592,3.881158,-2.773281
-8.470592,3.854837,-2.732604
-8.480164,3.799802,-2.723032
-8.482556,3.713661,-2.739782
-8.480164,3.742374,-2.830709
-8.530413,3.687340,-2.809174
-8.511270,3.728018,-2.837888
-8.518449,3.672983,-2.825923
-8.475377,3.723232,-2.924029
-8.494520,3.744767,-2.933600
-8.494520,3.771089,-2.979064
-8.535198,3.754339,-2.969493
-8.496914,3.773481,-2.885744
-8.501699,3.742374,-2.900101
-8.494520,3.771089,-2.801995
-8.468199,3.773481,-2.811567
-8.453842,3.811767,-2.830709
-8.453842,3.833302,-2.938386
-8.422735,3.850052,-2.885744
-8.494520,3.835695,-2.897708
-8.480164,3.780660,-2.818745
-8.480164,3.780660,-2.790031
-8.451449,3.761517,-2.787638
-8.477771,3.728018,-2.723032
-8.480164,3.663411,-2.794817
-8.441878,3.744767,-2.845066
-8.465806,3.790231,-2.940779
-8.470592,3.869194,-2.935993
-8.422735,3.871587,-2.904887
-8.434700,3.850052,-2.900101
-8.449057,3.842873,-2.854637
-8.461020,3.787838,-2.840281
-8.463413,3.720839,-2.837888
-8.439486,3.735196,-2.809174
-8.511270,3.766303,-2.873780
-8.434700,3.828516,-2.871387
-8.475377,3.850052,-2.921637
-8.453842,3.790231,-2.940779
-8.482556,3.785445,-2.895315
-8.444271,3.785445,-2.890530
-8.444271,3.732803,-2.885744
-8.468199,3.687340,-2.873780
-8.470592,3.670590,-2.837888
-8.446664,3.728018,-2.861816
-8.441878,3.754339,-2.895315
-8.413164,3.756732,-2.845066
-8.446664,3.787838,-2.852244
-8.504091,3.739982,-2.794817
-8.530413,3.763910,-2.833102
-8.511270,3.739982,-2.900101
-8.470592,3.728018,-2.947958
-8.506484,3.713661,-2.991028
-8.501699,3.742374,-2.943172
-8.499306,3.711268,-2.890530
-8.484949,3.739982,-2.888137
-8.470592,3.747160,-2.885744
-8.470592,3.754339,-2.895315
-8.475377,3.766303,-2.907279
-8.432307,3.778267,-2.926422
-8.444271,3.739982,-2.969493
-8.427521,3.732803,-2.931208
-8.475377,3.663411,-2.928815
-8.506484,3.625126,-2.892922
-8.468199,3.739982,-2.883351
-8.449057,3.728018,-2.919244
-8.566305,3.716053,-2.900101
-8.465806,3.689733,-2.892922
-8.446664,3.732803,-2.847459
-8.480164,3.744767,-2.861816
-8.427521,3.749553,-2.902494
-8.420342,3.830909,-2.868994
-8.422735,3.790231,-2.888137
-8.441878,3.797409,-2.940779
-8.463413,3.823731,-2.935993
-8.422735,3.802195,-2.938386
-8.456236,3.780660,-2.907279
-8.480164,3.766303,-2.871387
-8.496914,3.754339,-2.797210
-8.451449,3.704089,-2.837888
-8.482556,3.775874,-2.859423
-8.446664,3.795017,-2.890530
-8.420342,3.797409,-2.912065
-8.458629,3.783052,-2.914458
-8.415558,3.737589,-2.926422
-8.470592,3.728018,-2.897708
-8.518449,3.780660,-2.959922
-8.518449,3.802195,-2.959922
-8.463413,3.785445,-2.955136
-8.499306,3.818945,-2.928815
-8.439486,3.763910,-2.873780
-8.446664,3.759124,-2.943172
-8.482556,3.771089,-2.902494
-8.439486,3.737589,-2.861816
-8.408379,3.787838,-2.833102
-8.444271,3.814159,-2.935993
-8.520842,3.806981,-2.885744
-8.427521,3.806981,-2.907279
-8.427521,3.802195,-2.957529
-8.513663,3.780660,-2.940779
-8.429914,3.828516,-2.897708
-8.461020,3.804588,-2.873780
-8.439486,3.790231,-2.857030
-8.415558,3.783052,-2.897708
-8.475377,3.802195,-2.955136
-8.456236,3.816552,-2.988636
-8.429914,3.838088,-3.026921
-8.420342,3.852444,-2.991028
-8.470592,3.751946,-2.840281
-8.417950,3.790231,-2.845066
-8.429914,3.761517,-2.854637
-8.468199,3.711268,-2.849852
-8.437093,3.787838,-2.821138
-8.468199,3.735196,-2.852244
-8.451449,3.739982,-2.880959
-8.446664,3.718446,-2.835495
-8.458629,3.661019,-2.792424
-8.475377,3.574877,-2.787638
-8.463413,3.517449,-2.727818
-8.523234,3.529413,-2.744568
-8.518449,3.471986,-2.758924
-8.544770,3.412165,-2.744568
-8.492127,3.342773,-2.696711
-8.475377,3.440879,-2.835495
-8.401200,3.665804,-2.909672
-8.453842,3.847659,-3.007778
-8.374879,3.962514,-3.153740
-8.336594,3.952943,-3.268596
-8.398808,3.885944,-3.270989
-8.446664,3.682554,-3.333202
-8.216952,3.335595,-3.304488
-7.357929,2.938386,-3.340380
-6.678369,3.199204,-3.601198
-6.819544,3.852444,-4.285545
-7.233503,5.005785,-5.142176
-6.917650,5.491528,-5.410172
-6.656832,5.632704,-5.737988
-6.278766,5.391029,-5.168497
-6.367301,3.943372,-4.790431
-6.367301,3.943372,-4.790431
-5.565705,3.883551,-4.764110
-5.532206,4.474578,-5.125426
-5.498707,5.063213,-5.632704
-5.225924,5.589634,-5.814559
-5.185246,6.427122,-5.436492
-5.319244,7.008578,-5.532206
-5.094319,7.527820,-4.960321
-4.563113,7.968100,-4.046263
-4.271189,7.611568,-4.409972
-4.055835,7.066005,-5.178068
-3.969693,6.594619,-5.520242
-3.605984,6.082555,-5.905487
-3.172883,5.647062,-6.130411
-2.495714,5.154140,-6.144768
-2.689533,4.328616,-6.656832
-3.287738,3.287738,-6.362515
-3.617948,2.072184,-6.546762
-3.369094,0.835095,-7.042077
-3.735196,0.282353,-7.697710
-4.223332,-0.107677,-8.504091
-4.345366,-0.272782,-9.339187
-4.240082,-0.370888,-10.315458
-4.185047,-1.009771,-10.995021
-4.022335,-2.127219,-11.617154
-4.027121,-3.957729,-12.196217
-4.345366,-5.350351,-12.705888
-4.637290,-5.857630,-12.961920
-5.115855,-6.329016,-12.894921
-5.642276,-6.975078,-13.287343
-5.687739,-6.774081,-13.383057
-5.714060,-6.214160,-13.026526
-6.206983,-6.293124,-9.138189
-6.276374,-6.776474,-7.618747
-5.065606,-6.735795,-7.467999
-4.407579,-7.470392,-7.994420
-3.507878,-8.001599,-8.702696
-2.895315,-8.690732,-8.571091
-2.304288,-9.485149,-8.255238
-1.777867,-9.181261,-6.982256
-1.342373,-8.520842,-5.659025
-0.813560,-7.451250,-3.589234
-0.045464,-6.168696,-1.438086
0.748954,-6.711867,-1.122234
1.947758,-7.161718,-0.691526
3.165704,-7.121039,0.437887
4.043870,-7.240681,2.196611
4.472186,-7.233503,3.357130
4.173083,-7.271788,4.220939
3.768696,-7.659425,4.850252
3.658626,-8.362915,5.347959
3.792624,-9.109475,5.362316
3.991228,-10.068997,4.929214
4.242475,-11.148161,4.637290
4.398008,-11.712867,4.302295
4.400401,-11.901899,4.039084
4.197011,-12.212967,3.500700
3.699304,-12.155540,3.096312
3.127419,-11.842079,2.651247
2.550749,-11.492726,2.335395
2.062613,-11.145767,2.072184
1.734797,-10.693524,1.957329
1.399801,-10.229317,1.904687
-6.762117,-11.964113,9.698111
-0.083749,-8.126025,-4.419543
0.076570,-10.612168,0.744168
0.681954,-7.771888,1.710868
-0.354138,-9.370294,1.986043
-0.827917,-8.197811,1.074377
-1.251446,-7.702496,2.084148
-2.122434,-9.604790,2.124826
-0.653241,-7.542177,5.034499
-0.406780,-9.188439,1.966900
-0.758525,-9.473185,2.897708
-0.801596,-9.901501,2.282753
0.600598,-9.635897,3.785445
0.595813,-9.963714,-0.045464
0.595813,-9.676575,0.985843
-0.502493,-9.064013,1.048056
-1.021735,-8.965906,1.596013
-1.270589,-8.925228,1.897508
-1.392623,-8.874979,2.598605
-1.371087,-8.884550,2.533999
-1.299303,-9.073583,2.794817
-1.170090,-9.205189,2.801995
-1.007378,-9.260223,2.562713
-0.868595,-9.162118,2.270789
-0.760918,-9.044869,1.450050
-0.605384,-9.133404,0.916451
-0.346959,-9.200402,-0.306281
-1.033699,-10.389636,-0.626920
-0.866202,-10.317852,-0.045464
-0.792024,-9.982857,-0.016750
-0.703490,-9.841680,1.160519
-0.806381,-9.427721,1.741975
-1.316052,-8.669197,1.931008
-2.524428,-8.458629,1.753939
-1.615155,-8.142776,1.323231
-0.765703,-8.441878,1.450050
-0.624527,-9.269794,1.332802
-1.213161,-9.466006,1.050449
-1.763510,-9.667004,0.820738
-0.622134,-9.554541,0.973879
0.272782,-10.116854,0.957129
-0.119641,-10.260423,1.167697
-0.169890,-12.095718,1.028914
-0.502493,-11.090734,1.105484
-0.468993,-10.851451,1.866402
-0.622134,-10.559525,1.885544
1.256232,-9.097511,1.098306
-0.839881,-9.585647,1.127020
-1.830509,-9.954143,1.198804
-1.940579,-10.332209,1.146162
-1.622334,-9.927821,0.748954
-1.423729,-9.824929,0.708275
-1.473979,-10.035499,1.272982
-1.873580,-10.315458,1.808974
-2.213361,-10.439885,1.988436
-1.363909,-9.877571,2.000400
-1.782653,-9.217153,1.789831
-2.292324,-8.913264,1.304088
-2.392823,-9.016156,1.292124
-1.832902,-9.365508,1.591227
-1.655833,-9.068797,1.720440
-2.261217,-8.202596,1.579263
-2.979064,-7.886744,1.698904
-4.354938,-8.781659,2.447858
-2.081756,-8.056634,1.227518
-2.088934,-7.992027,1.617548
-3.347559,-7.987241,1.957329
-3.148954,-9.157332,1.933401
-3.050849,-9.810574,2.572284
-3.304488,-9.650253,2.682354
-2.816352,-9.870394,2.268396
-2.971886,-10.061819,2.043471
-3.048456,-10.370493,2.050649
-3.378666,-10.064213,1.770689
-3.388237,-9.578469,1.679761
-3.857230,-9.212367,1.409373
-3.297310,-8.896514,1.272982
-3.455236,-8.975478,1.466800
-3.416951,-9.391829,1.739582
-3.251846,-9.387043,1.835295
-3.060420,-9.224331,1.844866
-2.907279,-9.200402,1.691726
-2.667997,-9.250652,1.603191
-2.292324,-9.370294,1.311267
-2.088934,-9.293723,1.110270
-1.722832,-9.418150,1.210768
-1.574477,-9.700503,1.399801
-1.155733,-9.408579,1.002593
-0.768096,-10.559525,1.086342
0.133998,-10.478169,0.380459
-0.583849,-10.212566,1.217947
-3.177669,-10.454242,-2.036292
-4.632504,-12.308680,0.966700
-3.373880,-9.200402,1.182054
-1.710868,-8.417950,2.627320
-0.926022,-8.193025,3.194418
-1.600798,-8.863015,2.572284
-1.758725,-9.198010,2.234896
-1.509871,-9.382257,2.201397
-1.505085,-9.408579,2.084148
-1.641476,-9.198010,2.036292
-1.526621,-9.181261,1.923829
-1.481157,-9.640682,2.036292
-1.284946,-10.006784,2.005185
-1.110270,-10.418350,1.710868
-1.538585,-10.705488,1.244268
-1.361516,-10.411172,0.552742
-1.368695,-10.157533,0.196211
-1.445265,-9.712467,0.069392
-1.359123,-9.597611,0.253639
-0.976272,-9.930215,0.655633
-1.021735,-9.963714,1.045663
-0.830309,-10.313066,1.284946
-1.064806,-10.193424,1.033699
-1.368695,-9.789038,0.744168
-1.562513,-9.729217,0.559920
-1.399801,-9.700503,0.399601
-0.933201,-9.580862,0.519243
-0.782453,-9.427721,0.540778
-0.789631,-9.473185,0.832702
-0.806381,-9.597611,1.028914
-0.981057,-9.901501,1.239482
-1.103091,-9.769895,1.172483
-1.115055,-9.748360,1.007378
-1.342373,-9.870394,0.887737
-1.304088,-9.879964,0.794417
-0.689133,-9.664611,0.885344
-0.435494,-9.616754,1.091127
-0.602991,-9.767502,1.256232
-0.868595,-9.777073,1.024128
-0.825524,-9.726824,0.947558
-0.808774,-9.717253,1.040878
-0.323031,-9.540184,1.165305
-0.445065,-9.767502,1.277767
-0.569492,-9.753145,1.280160
-0.665205,-9.731609,1.306481
-0.674776,-9.616754,1.284946
-1.050449,-10.001998,1.115055
-0.847059,-10.234102,1.119841
-0.351745,-10.088140,1.179662
-0.409173,-9.698111,1.194018
-0.564706,-9.657433,1.127020
-0.725025,-9.822537,1.222732
-0.579063,-9.717253,1.261017
-0.634098,-9.999605,1.249053
-0.473779,-9.669396,1.308874
-0.437887,-9.827322,1.268196
-0.734596,-9.812965,1.064806
-0.823131,-9.671788,1.016950
-0.765703,-9.609575,0.878166
-0.526421,-9.640682,0.935594
-0.425922,-9.662218,0.959522
-0.581456,-9.738789,0.983450
-0.777667,-9.683753,0.918844
-0.870987,-9.702895,1.026521
-0.768096,-9.499505,0.899701
-0.808774,-9.513863,1.088734
-0.794417,-9.470792,1.258625
-0.739382,-9.533006,1.052842
-0.591027,-9.683753,1.038485
-0.684347,-9.887143,0.787239
-0.868595,-9.856036,0.543171
-0.490529,-9.602397,0.564706
-0.646062,-9.865608,0.808774
-0.251246,-9.241080,0.990629
-0.177069,-9.743573,0.318245
-1.105484,-10.030712,0.904487
-1.009771,-9.769895,1.050449
-0.849452,-10.037891,1.249053
-0.722632,-9.604790,1.138984
-0.768096,-9.463614,0.878166
-0.894916,-9.571291,0.535992
-0.483350,-9.537791,0.698704
-0.251246,-9.997212,1.344766
-0.251246,-9.997212,1.344766
0.315853,-9.745967,1.531406
-0.062213,-9.176475,1.380659
-0.830309,-8.609376,0.930808
-1.225125,-8.262416,1.165305
-0.870987,-9.169296,0.500100
-1.507478,-10.695917,0.189033
-2.196611,-10.705488,0.246461
0.914058,-9.793823,0.258425
0.914058,-9.793823,0.258425
0.081356,-9.454042,0.224925
-1.347159,-9.717253,0.839881
-0.500100,-9.387043,0.935594
-0.500100,-9.387043,0.935594
-0.169890,-9.040084,1.155733
-0.581456,-9.162118,0.744168
-0.689133,-9.482756,0.449851
-0.629312,-10.001998,0.232104
-0.547956,-10.382458,0.229711
-0.468993,-10.707881,0.346959
-0.464208,-10.662418,0.368495
-0.533599,-10.588240,0.351745
-0.591027,-10.258030,0.435494
-0.701097,-10.047462,0.442672
-0.787239,-9.994821,0.473779
-0.729811,-9.980463,0.583849
-0.725025,-10.009177,0.521635
-0.631705,-10.009177,0.466600
-0.524028,-10.109675,0.502493
-0.430708,-10.214959,0.524028
-0.413958,-10.289137,0.521635
-0.404387,-10.088140,0.361316
-0.488136,-10.004392,0.208176
-0.428315,-9.908678,0.133998
-0.330210,-9.860823,0.327817
-0.306281,-9.772287,0.411566
-0.311067,-9.714860,0.485743
-0.349352,-9.710074,0.526421
-0.375673,-9.676575,0.526421
-0.394816,-9.621540,0.428315
-0.392423,-9.626326,0.366102
-0.320638,-9.683753,0.289532
-0.356531,-9.779467,0.244068
-0.346959,-9.786645,0.289532
-0.253639,-9.863215,0.466600
-0.189033,-9.805787,0.559920
-0.208176,-9.681360,0.653241
-0.181855,-9.655040,0.679562
-0.222532,-9.724431,0.648455
-0.232104,-9.793823,0.598206
-0.222532,-9.925428,0.492921
-0.105284,-10.040283,0.440279
-0.035892,-10.100104,0.361316
0.002393,-10.112068,0.442672
-0.019143,-10.109675,0.512064
-0.131605,-10.023535,0.569492
-0.181855,-9.901501,0.598206
-0.129212,-9.812965,0.550349
-0.102891,-9.853643,0.512064
-0.124427,-9.760324,0.524028
-0.210568,-9.844072,0.507278
-0.265603,-9.872787,0.435494
-0.191426,-9.978070,0.473779
-0.208176,-9.963714,0.480957
-0.205783,-9.913465,0.468993
-0.222532,-9.934999,0.512064
-0.136391,-9.975677,0.646062
-0.064606,-9.954143,0.653241
-0.014357,-10.004392,0.770489
0.062213,-10.068997,0.722632
-0.016750,-10.013963,0.672383
-0.083749,-9.887143,0.701097
0.059821,-9.956534,0.660419
0.033500,-9.966106,0.485743
0.019143,-9.815358,0.586242
0.083749,-9.784252,0.552742
0.045464,-9.824929,0.507278
-0.090927,-9.789038,0.483350
-0.107677,-9.856036,0.488136
-0.098106,-9.832108,0.514457
-0.110070,-9.755538,0.459422
-0.095713,-9.638289,0.363709
-0.098106,-9.568897,0.356531
-0.107677,-9.504292,0.356531
-0.136391,-9.552148,0.354138
-0.241675,-9.571291,0.339781
-0.224925,-9.700503,0.306281
-0.193819,-9.858429,0.181855
-0.138784,-9.918249,0.083749
-0.153141,-10.040283,0.114855
-0.193819,-10.047462,0.062213
-0.224925,-9.958927,0.071785
-0.260818,-9.908678,0.066999
-0.306281,-9.753145,0.157926
-0.294317,-9.729217,0.143569
-0.301496,-9.722038,0.186640
-0.294317,-9.786645,0.100499
-0.258425,-9.891929,0.093320
-0.270389,-10.049855,0.021535
-0.236889,-10.049855,0.136391
-0.241675,-10.140782,0.145962
-0.236889,-10.009177,0.110070
-0.287139,-9.978070,0.155533
-0.239282,-9.918249,0.301496
-0.196211,-9.875179,0.318245
-0.181855,-9.853643,0.459422
-0.100499,-9.863215,0.579063
-0.002393,-9.939785,0.636491
-0.035892,-10.052249,0.478565
-0.095713,-10.107283,0.440279
-0.150748,-10.116854,0.294317
-0.136391,-9.982857,0.007178
-0.370888,-9.482756,-0.059821
-0.148355,-9.712467,0.370888
0.105284,-9.868000,0.409173
0.014357,-10.040283,0.588634
-0.234497,-9.930215,0.370888
-0.222532,-9.860823,0.294317
-0.055035,-9.846465,0.382852
0.119641,-10.040283,0.574277
0.220140,-10.037891,0.617348
0.110070,-10.195816,0.626920
0.500100,-10.296316,0.375673
-0.021535,-9.710074,0.212961
