0.330210,-9.547362,0.844666
-0.057428,-9.908678,0.830309
-0.291924,-10.040283,0.588634
-0.256032,-10.071390,0.428315
0.055035,-9.846465,0.495314
0.157926,-9.700503,0.521635
0.043071,-9.643075,0.598206
-0.124427,-9.779467,0.485743
-0.232104,-9.923036,0.457029
-0.105284,-10.016356,0.555135
0.062213,-10.066606,0.710668
0.105284,-10.009177,0.873380
0.133998,-9.966106,0.820738
0.066999,-9.901501,0.753739
0.019143,-9.875179,0.813560
0.102891,-9.889536,0.806381
0.143569,-9.913465,0.856631
0.145962,-9.889536,0.859023
0.095713,-9.901501,0.856631
-0.023928,-9.777073,0.835095
-0.064606,-9.810574,0.780060
-0.112463,-9.753145,0.892523
-0.081356,-9.815358,0.818345
-0.057428,-9.803394,0.729811
-0.035892,-9.820145,0.646062
-0.107677,-9.812965,0.660419
-0.143569,-9.750752,0.662812
-0.167498,-9.757930,0.729811
-0.177069,-9.688539,0.784846
-0.189033,-9.726824,0.806381
-0.205783,-9.729217,0.906880
-0.052642,-9.719646,0.940379
0.086142,-9.729217,1.026521
0.177069,-9.829715,0.990629
0.184247,-9.781858,0.926022
0.112463,-9.772287,0.832702
0.155533,-9.834501,0.935594
0.189033,-9.717253,0.952343
0.102891,-9.621540,0.878166
-0.028714,-9.616754,0.878166
-0.124427,-9.530612,1.105484
-0.062213,-9.525827,1.150948
-0.122034,-9.399008,1.220340
-0.306281,-9.461221,1.342373
-0.502493,-9.576077,1.663012
-0.748954,-9.355937,2.333002
-1.067199,-8.946764,3.357130
-1.579263,-8.346166,4.721039
-2.557927,-7.365108,7.329216
-4.278367,-6.108876,21.588043
-3.639483,-4.603791,28.067810
-3.084348,-2.182254,30.647272
-2.423929,-0.189033,28.673193
-0.988236,1.935793,23.169703
-0.224925,1.284946,15.866807
-0.904487,-2.431108,7.774280
0.595813,-6.005985,4.986642
1.079163,-9.597611,2.830709
-0.765703,-12.055040,1.763510
-3.151347,-13.308880,2.388037
-4.553542,-15.364313,1.337588
-3.584448,-16.007982,-0.569492
-1.026521,-18.807585,-3.381058
1.883151,-19.678572,-7.233503
3.653840,-18.800407,-8.901299
3.507878,-15.787844,-9.516255
0.911665,-12.468999,-9.482756
-2.036292,-9.911072,-9.236296
-2.567499,-8.501699,-8.953942
-0.904487,-10.308280,-8.367701
0.854238,-13.552947,-6.819544
2.512464,-14.534004,-5.357530
3.139383,-13.306486,-4.491328
2.163112,-10.107283,-4.620540
0.409173,-7.752745,-4.989035
-0.476172,-6.759724,-4.709075
-0.622134,-7.666604,-4.034299
-0.363709,-9.645468,-2.988636
-0.052642,-11.698510,-2.354537
0.413958,-12.662818,-1.361516
0.413958,-12.662818,-1.442872
-0.047856,-9.848858,-1.256232
-0.236889,-8.877372,-1.342373
-0.143569,-8.901299,-0.933201
-0.069392,-10.040283,0.256032
-0.490529,-11.205588,0.758525
-1.028914,-11.308479,0.189033
-1.543371,-10.633704,-0.732204
-1.758725,-10.205389,-1.208375
-1.538585,-9.882358,-0.610170
-1.024128,-9.676575,0.107677
-0.497707,-9.489935,0.784846
-0.148355,-8.590233,1.124627
0.088534,-8.391629,1.244268
-0.062213,-8.807980,1.871187
-0.672383,-9.461221,2.612962
-1.155733,-9.954143,2.670390
-1.203590,-9.848858,2.261217
-1.131805,-9.786645,1.624727
-0.997807,-9.793823,1.395016
-0.885344,-10.540384,1.366302
-0.710668,-10.758131,1.797010
-0.720240,-10.782058,2.120041
-0.732204,-10.427922,2.356930
-1.019342,-10.021141,2.323431
-1.103091,-9.753145,2.067399
-1.033699,-9.482756,1.710868
-0.887737,-9.365508,1.581656
-0.868595,-9.645468,1.756332
-0.722632,-10.169496,1.907080
-0.571885,-10.456635,2.017149
-0.801596,-10.353743,1.919044
-1.105484,-10.492528,1.706082
-1.189233,-10.530812,1.777867
-1.083949,-10.222138,1.725225
-0.916451,-9.815358,1.629512
-0.815953,-9.521042,1.375873
-0.698704,-9.001799,1.476372
-0.660419,-9.090333,1.598405
-0.638884,-9.296116,1.933401
-0.495314,-9.638289,2.189433
-0.411566,-10.102496,2.038685
-0.344566,-10.482956,1.947758
-0.380459,-10.973484,2.014757
-0.471386,-10.640882,2.129612
-0.631705,-9.635897,1.887937
-0.921237,-8.681160,1.844866
-1.146162,-8.219346,1.818545
-0.978664,-8.216952,1.694118
-0.794417,-8.898908,1.655833
-0.555135,-9.595219,1.677369
-0.602991,-10.183852,1.636691
-0.698704,-10.506885,1.454836
-0.696311,-10.456635,1.397408
-0.820738,-10.260423,1.337588
0.210568,-9.887143,1.222732
-0.973879,-10.219746,1.280160
-0.524028,-9.781858,1.299303
-0.677169,-9.640682,1.294517
-0.689133,-10.516455,1.438086
-0.557528,-10.380065,1.392623
-0.488136,-9.990034,1.435694
-0.399601,-9.611969,1.399801
-1.600798,-7.432107,1.091127
-0.768096,-8.408379,1.469193
-0.717847,-9.537791,1.564906
0.454636,-10.272388,1.734797
0.926022,-10.052249,1.804188
-0.509671,-9.475577,1.237089
-0.861416,-9.705289,1.019342
-0.258425,-10.499706,1.454836
-0.045464,-10.999805,1.581656
-0.236889,-11.586047,1.395016
-0.296710,-10.801201,1.134198
-0.933201,-9.375079,0.669990
-1.196411,-8.726624,0.748954
-0.969093,-9.315259,0.918844
-0.602991,-9.836893,0.844666
-0.741775,-9.379865,1.155733
-0.605384,-9.736395,1.158126
0.102891,-10.291530,1.457229
0.131605,-10.827522,1.548156
-0.002393,-10.992627,1.526621
-0.124427,-10.942378,1.426122
-0.083749,-10.485349,1.213161
-0.753739,-9.939785,0.914058
-0.665205,-9.288938,1.349552
-0.373280,-9.011370,1.249053
-0.373280,-9.011370,1.249053
-0.229711,-9.583255,1.004985
-0.397209,-9.920642,1.000200
-0.842274,-9.846465,0.906880
-1.052842,-9.358330,0.880559
-0.940379,-9.820145,0.796810
-0.344566,-10.839487,0.768096
0.186640,-9.410972,1.256232
-0.550349,-10.191031,0.990629
-0.593420,-9.614362,1.289732
-0.583849,-9.442079,1.447658
-0.717847,-9.298509,1.560120
-0.509671,-9.324830,1.490728
-0.579063,-9.363115,1.292124
-0.626920,-9.281759,1.119841
-0.646062,-9.174082,1.088734
-0.595813,-9.384650,1.280160
-0.547956,-9.504292,1.241875
-0.557528,-9.461221,1.237089
-0.512064,-9.602397,1.347159
-0.514457,-9.674182,1.347159
-0.655633,-9.736395,1.392623
-0.725025,-9.774680,1.170090
-0.622134,-9.980463,1.062413
-0.476172,-10.155140,1.086342
-0.358923,-10.224532,1.155733
-0.232104,-10.116854,1.301696
-0.282353,-10.071390,1.311267
-0.308674,-9.954143,1.435694
-0.390030,-9.767502,1.354338
-0.473779,-9.389436,1.225125
-0.447458,-9.248260,1.112662
-0.516850,-9.341579,1.079163
-0.545564,-9.454042,1.170090
-0.492921,-9.664611,1.249053
-0.471386,-9.860823,1.299303
-0.440279,-10.329816,1.529014
-0.576670,-10.059426,1.320838
-0.524028,-9.879964,1.174876
-0.535992,-9.511470,1.103091
-0.610170,-9.396614,1.115055
0.177069,-9.968499,0.787239
-1.088734,-9.157332,0.710668
-0.571885,-9.363115,1.079163
-0.425922,-10.145569,1.354338
0.031107,-10.403993,1.651048
0.150748,-10.643275,1.600798
-0.291924,-9.846465,1.550549
