-1.995614,-9.865608,0.985843
-1.995614,-9.865608,0.985843
-1.914258,-10.145569,1.119841
-1.914258,-10.145569,1.119841
-2.055435,-10.260423,1.074377
-2.055435,-10.260423,1.074377
-1.966900,-9.894321,1.239482
-1.966900,-9.894321,1.239482
-1.983650,-9.523434,1.189233
-1.983650,-9.523434,1.189233
-1.950150,-9.154939,0.983450
-1.950150,-9.154939,0.983450
-1.730011,-9.056834,0.914058
-1.730011,-9.056834,0.914058
-1.849652,-9.384650,0.959522
-1.849652,-9.384650,0.959522
-1.966900,-9.645468,0.906880
-1.966900,-9.645468,0.906880
-1.892723,-9.796216,0.856631
-1.892723,-9.796216,0.856631
-1.890330,-9.982857,0.847059
-1.890330,-9.982857,0.847059
-1.861616,-10.217353,0.770489
-1.861616,-10.217353,0.770489
-1.801795,-10.255639,0.677169
-1.801795,-10.255639,0.677169
-1.773082,-10.339387,0.763310
-1.773082,-10.339387,0.763310
-1.794617,-10.162319,0.693919
-1.794617,-10.162319,0.693919
-1.737189,-10.057034,0.691526
-1.737189,-10.057034,0.691526
-1.588834,-9.731609,0.727418
-1.588834,-9.731609,0.727418
-1.497907,-9.700503,0.579063
-1.497907,-9.700503,0.579063
-1.454836,-9.750752,0.323031
-1.454836,-9.750752,0.323031
-1.380659,-10.186246,0.210568
-1.380659,-10.186246,0.210568
-1.265803,-10.640882,0.047856
-1.265803,-10.640882,0.047856
-1.158126,-11.124231,-0.155533
-1.158126,-11.124231,-0.155533
-1.189233,-11.337193,-0.361316
-1.189233,-11.337193,-0.361316
-1.098306,-11.306087,-0.600598
-1.098306,-11.306087,-0.600598
-0.880559,-11.004591,-0.837488
-0.880559,-11.004591,-0.837488
-0.736989,-10.439885,-0.978664
-0.736989,-10.439885,-0.978664
-0.533599,-10.030712,-1.220340
-0.533599,-10.030712,-1.220340
-0.208176,-9.702895,-1.268196
-0.208176,-9.702895,-1.268196
0.007178,-9.511470,-1.304088
0.007178,-9.511470,-1.304088
0.026321,-9.312866,-1.385444
0.026321,-9.312866,-1.385444
-0.071785,-9.128618,-1.576870
-0.071785,-9.128618,-1.576870
-0.368495,-9.013763,-1.708475
-0.368495,-9.013763,-1.708475
-0.612563,-9.138189,-1.739582
-0.612563,-9.138189,-1.739582
-0.612563,-9.360723,-1.737189
-0.612563,-9.360723,-1.737189
-0.550349,-9.310472,-1.715654
-0.550349,-9.310472,-1.715654
-0.466600,-9.243474,-1.923829
-0.466600,-9.243474,-1.923829
-0.330210,-9.183653,-2.069792
-0.330210,-9.183653,-2.069792
-0.107677,-8.925228,-1.921437
-0.107677,-8.925228,-1.921437
-0.059821,-8.329416,-2.053042
-0.059821,-8.329416,-2.053042
-0.059821,-8.329416,-2.053042
-0.059821,-8.329416,-2.053042
-0.507278,-9.004191,-1.828116
-0.507278,-9.004191,-1.828116
-0.983450,-9.178867,-1.457229
-0.983450,-9.178867,-1.457229
-1.361516,-8.772088,-1.246661
-1.361516,-8.772088,-1.246661
-1.433301,-8.197811,-1.378266
-1.433301,-8.197811,-1.378266
-1.368695,-7.767102,-1.607977
-1.368695,-7.767102,-1.607977
-1.536192,-7.417750,-1.773082
-1.536192,-7.417750,-1.773082
-1.593620,-7.451250,-1.792224
-1.593620,-7.451250,-1.792224
-1.423729,-7.652246,-1.581656
-1.423729,-7.652246,-1.581656
-1.378266,-7.817351,-1.251446
-1.378266,-7.817351,-1.251446
-1.734797,-8.283953,-1.093520
-1.734797,-8.283953,-1.093520
-1.823331,-8.877372,-1.189233
-1.823331,-8.877372,-1.189233
-1.694118,-9.064013,-1.203590
-1.694118,-9.064013,-1.203590
-1.765903,-9.298509,-1.189233
-1.765903,-9.298509,-1.189233
-2.076970,-9.308081,-1.205983
-2.076970,-9.308081,-1.205983
-2.660819,-9.269794,-1.165305
-2.660819,-9.269794,-1.165305
-3.005385,-9.078369,-1.076770
-3.005385,-9.078369,-1.076770
-3.067599,-9.085547,-1.057628
-3.067599,-9.085547,-1.057628
-3.189633,-9.188439,-1.296910
-3.189633,-9.188439,-1.296910
-3.445665,-9.461221,-1.543371
-3.445665,-9.461221,-1.543371
-3.546163,-10.155140,-1.371087
-3.546163,-10.155140,-1.371087
-3.364309,-10.023535,-1.191626
-3.364309,-10.023535,-1.191626
-3.189633,-9.712467,-1.287339
-3.189633,-9.712467,-1.287339
-3.151347,-9.382257,-1.036092
-3.151347,-9.382257,-1.036092
-3.247060,-8.501699,-0.978664
-3.247060,-8.501699,-0.978664
-3.314059,-7.549356,-1.986043
-3.314059,-7.549356,-1.986043
-3.294917,-7.130611,-1.986043
-3.294917,-7.130611,-1.986043
-3.723232,-7.601997,-2.344966
-3.723232,-7.601997,-2.344966
-4.134798,-7.542177,-2.900101
-4.134798,-7.542177,-2.900101
-4.469792,-7.767102,-3.517449
-4.469792,-7.767102,-3.517449
-4.520042,-8.216952,-3.627519
-4.520042,-8.216952,-3.627519
-4.532006,-8.114061,-3.924229
-4.532006,-8.114061,-3.924229
-4.603791,-7.800602,-3.830909
-4.603791,-7.800602,-3.830909
-4.771288,-7.707282,-3.785445
-4.771288,-7.707282,-3.785445
-5.108676,-6.757331,-4.089334
-5.108676,-6.757331,-4.089334
-5.422136,-6.673582,-4.484150
-5.422136,-6.673582,-4.484150
-5.654240,-6.855437,-4.713861
-5.654240,-6.855437,-4.713861
-5.800202,-6.953543,-4.900501
-5.800202,-6.953543,-4.900501
-5.857630,-7.451250,-5.381458
-5.857630,-7.451250,-5.381458
-5.723632,-7.097112,-6.247660
-5.723632,-7.097112,-6.247660
-7.750352,-9.037691,2.246860
-7.750352,-9.037691,2.246860
-3.809374,-5.934200,-10.815558
-3.809374,-5.934200,-10.815558
-5.714060,-6.195018,-8.181061
-5.714060,-6.195018,-8.181061
-5.754738,-5.278566,-6.113662
-5.754738,-5.278566,-6.113662
-5.548956,-4.208975,-6.735795
-5.548956,-4.208975,-6.735795
-5.467600,-4.316652,-7.188039
-5.467600,-4.316652,-7.188039
-5.515456,-4.795217,-7.841280
-5.515456,-4.795217,-7.841280
-5.453243,-5.513064,-8.178668
-5.453243,-5.513064,-8.178668
-5.182854,-6.197411,-8.207381
-5.182854,-6.197411,-8.207381
-4.783253,-6.731010,-8.252845
-4.783253,-6.731010,-8.252845
-4.386044,-6.833901,-8.379664
-4.386044,-6.833901,-8.379664
-3.835695,-6.503692,-9.133404
-3.835695,-6.503692,-9.133404
-3.689733,-6.254838,-9.276974
-3.689733,-6.254838,-9.276974
-3.708875,-6.077770,-9.552148
-3.708875,-6.077770,-9.552148
-3.847659,-6.010770,-9.707682
-3.847659,-6.010770,-9.707682
-3.881158,-6.087341,-9.678967
-3.881158,-6.087341,-9.678967
-4.029513,-5.855237,-9.650253
-4.029513,-5.855237,-9.650253
-4.110869,-5.714060,-9.614362
-4.110869,-5.714060,-9.614362
-4.220939,-5.642276,-9.499505
-4.220939,-5.642276,-9.499505
-4.235296,-5.982057,-9.604790
-4.235296,-5.982057,-9.604790
-4.077370,-6.104091,-9.674182
-4.077370,-6.104091,-9.674182
-3.914658,-6.546762,-9.602397
-3.914658,-6.546762,-9.602397
-3.754339,-7.099504,-9.566505
-3.754339,-7.099504,-9.566505
-3.672983,-7.219146,-9.348758
-3.672983,-7.219146,-9.348758
-3.634698,-7.374680,-9.066404
-3.634698,-7.374680,-9.066404
-3.713661,-7.350751,-8.673983
-3.713661,-7.350751,-8.673983
-3.859623,-7.300502,-8.159525
-3.859623,-7.300502,-8.159525
-3.957729,-7.587641,-7.752745
-3.957729,-7.587641,-7.752745
-4.000800,-7.879565,-7.511070
-4.000800,-7.879565,-7.511070
-4.089334,-8.238488,-7.384251
-4.089334,-8.238488,-7.384251
-4.055835,-8.604590,-7.302894
-4.055835,-8.604590,-7.302894
-4.063013,-9.152546,-7.154540
-4.063013,-9.152546,-7.154540
-3.897908,-9.533006,-7.066005
-3.897908,-9.533006,-7.066005
-3.952943,-10.353743,-7.133004
-3.952943,-10.353743,-7.133004
-4.077370,-10.423136,-7.080362
-4.077370,-10.423136,-7.080362
-4.177868,-10.418350,-6.898508
-4.177868,-10.418350,-6.898508
-4.134798,-10.052249,-6.853044
-4.134798,-10.052249,-6.853044
-4.240082,-10.236496,-6.020342
-4.240082,-10.236496,-6.020342
-4.283153,-10.437491,-5.893522
-4.283153,-10.437491,-5.893522
-4.335794,-10.423136,-5.469993
-4.335794,-10.423136,-5.469993
-4.409972,-10.356135,-4.364508
-4.409972,-10.356135,-4.364508
-4.522435,-10.392029,-3.536592
-4.522435,-10.392029,-3.536592
-4.402793,-10.408779,-3.428915
-4.402793,-10.408779,-3.428915
-3.957729,-9.686146,-4.268795
-3.957729,-9.686146,-4.268795
-3.474378,-9.549755,-3.790231
-3.474378,-9.549755,-3.790231
-3.373880,-9.131011,-2.823531
-3.373880,-9.131011,-2.823531
-3.763910,-8.391629,-2.629712
-3.763910,-8.391629,-2.629712
-4.084548,-7.862815,-2.132005
-4.084548,-7.862815,-2.132005
-4.316652,-7.683353,-1.107877
-4.316652,-7.683353,-1.107877
-4.409972,-7.386643,-0.229711
-4.409972,-7.386643,-0.229711
-4.823930,-7.408179,0.538385
-4.823930,-7.408179,0.538385
-5.120641,-7.326823,1.019342
-5.120641,-7.326823,1.019342
-5.268995,-7.125826,1.459622
-5.268995,-7.125826,1.459622
-5.218746,-7.819745,2.065006
-5.218746,-7.819745,2.065006
-4.610970,-8.707481,2.852244
-4.610970,-8.707481,2.852244
-3.677768,-9.523434,3.369094
-3.677768,-9.523434,3.369094
-2.799603,-9.743573,3.510271
-2.799603,-9.743573,3.510271
-2.352145,-9.879964,3.639483
-2.352145,-9.879964,3.639483
-1.950150,-9.437292,3.708875
-1.950150,-9.437292,3.708875
-1.828116,-8.405986,3.622734
-1.828116,-8.405986,3.622734
-1.775474,-7.484749,3.921836
-1.775474,-7.484749,3.921836
-1.225125,-7.948956,5.659025
-1.225125,-7.948956,5.659025
-1.225125,-7.948956,5.479564
-1.225125,-7.948956,5.479564
-0.500100,-7.836494,5.295317
-0.500100,-7.836494,5.295317
-0.715454,-8.087741,4.950750
-0.715454,-8.087741,4.950750
-0.875773,-8.338986,4.697111
-0.875773,-8.338986,4.697111
-0.777667,-8.595018,4.627719
-0.777667,-8.595018,4.627719
-0.808774,-9.253045,4.766503
-0.808774,-9.253045,4.766503
-0.653241,-9.930215,5.099105
-0.653241,-9.930215,5.099105
-0.236889,-9.786645,4.996214
-0.236889,-9.786645,4.996214
0.172283,-9.659825,4.843073
0.172283,-9.659825,4.843073
-0.057428,-9.107083,4.266403
-0.057428,-9.107083,4.266403
-0.521635,-8.513663,3.567699
-0.521635,-8.513663,3.567699
-0.835095,-7.802995,3.136991
-0.835095,-7.802995,3.136991
-1.146162,-7.613962,3.309274
-1.146162,-7.613962,3.309274
-1.299303,-7.987241,4.278367
-1.299303,-7.987241,4.278367
-0.928415,-8.437093,5.106283
-0.928415,-8.437093,5.106283
-0.729811,-8.958728,5.347959
-0.729811,-8.958728,5.347959
-0.540778,-8.977871,4.957928
-0.540778,-8.977871,4.957928
-0.495314,-8.851050,3.909872
-0.495314,-8.851050,3.909872
-0.538385,-8.614161,2.502892
-0.538385,-8.614161,2.502892
-0.571885,-8.760124,0.650848
-0.571885,-8.760124,0.650848
-1.182054,-8.116454,-0.394816
-1.182054,-8.116454,-0.394816
0.244068,-10.195816,1.840081
0.244068,-10.195816,1.840081
0.540778,-9.511470,0.380459
0.540778,-9.511470,0.380459
-2.840281,-9.432507,1.878366
-2.840281,-9.432507,1.878366
-1.569692,-9.159724,2.050649
-1.569692,-9.159724,2.050649
-0.844666,-8.475377,2.160719
-0.844666,-8.475377,2.160719
-1.069592,-8.216952,1.763510
-1.069592,-8.216952,1.763510
-0.945165,-7.948956,1.476372
-0.945165,-7.948956,1.476372
-0.993021,-8.355737,1.677369
-0.993021,-8.355737,1.677369
-1.201197,-8.511270,1.323231
-1.201197,-8.511270,1.323231
-1.569692,-9.162118,1.081556
-1.569692,-9.162118,1.081556
-1.643869,-9.253045,1.182054
-1.643869,-9.253045,1.182054
-1.490728,-9.212367,1.579263
-1.490728,-9.212367,1.579263
-1.993221,-9.377472,1.277767
-1.993221,-9.377472,1.277767
-0.557528,-8.922836,1.797010
-0.557528,-8.922836,1.797010
-1.529014,-8.659625,0.428315
-1.529014,-8.659625,0.428315
-1.713261,-8.365308,0.789631
-1.713261,-8.365308,0.789631
-1.643869,-8.353344,0.866202
-1.643869,-8.353344,0.866202
-1.359123,-8.901299,1.134198
-1.359123,-8.901299,1.134198
-1.150948,-9.138189,1.378266
-1.150948,-9.138189,1.378266
-0.801596,-9.805787,1.715654
-0.801596,-9.805787,1.715654
-1.064806,-10.001998,1.703690
-1.064806,-10.001998,1.703690
-1.311267,-9.449257,1.624727
-1.311267,-9.449257,1.624727
-1.837688,-8.874979,1.780260
-1.837688,-8.874979,1.780260
-2.222932,-8.583055,1.182054
-2.222932,-8.583055,1.182054
-2.191825,-8.961121,0.595813
-2.191825,-8.961121,0.595813
-2.033899,-9.140583,0.043071
-2.033899,-9.140583,0.043071
-1.978864,-9.238688,-0.131605
-1.978864,-9.238688,-0.131605
-1.789831,-9.284152,0.014357
-1.789831,-9.284152,0.014357
-1.588834,-9.446864,-0.081356
-1.588834,-9.446864,-0.081356
-1.131805,-9.633504,0.222532
-1.131805,-9.633504,0.222532
-1.904687,-9.623933,1.107877
-1.904687,-9.623933,1.107877
-1.689333,-9.832108,1.043271
-1.689333,-9.832108,1.043271
-1.933401,-10.246067,1.007378
-1.933401,-10.246067,1.007378
-1.581656,-9.834501,0.909273
-1.581656,-9.834501,0.909273
-1.593620,-9.324830,0.808774
-1.593620,-9.324830,0.808774
-1.682154,-8.858230,0.969093
-1.682154,-8.858230,0.969093
-1.507478,-8.604590,1.081556
-1.507478,-8.604590,1.081556
-0.847059,-7.633104,0.380459
-0.847059,-7.633104,0.380459
-1.658226,-8.709875,0.933201
-1.658226,-8.709875,0.933201
-2.380858,-9.777073,1.055235
-2.380858,-9.777073,1.055235
-1.806581,-10.145569,1.222732
-1.806581,-10.145569,1.222732
-1.280160,-10.485349,0.614955
-1.280160,-10.485349,0.614955
-1.256232,-10.339387,0.033500
-1.256232,-10.339387,0.033500
-0.863809,-10.753345,0.057428
-0.863809,-10.753345,0.057428
-1.517050,-10.380065,1.629512
-1.517050,-10.380065,1.629512
-0.602991,-9.564112,0.622134
-0.602991,-9.564112,0.622134
-0.390030,-9.420543,1.007378
-0.390030,-9.420543,1.007378
-0.447458,-9.513863,1.124627
-0.447458,-9.513863,1.124627
-0.808774,-9.772287,0.985843
-0.808774,-9.772287,0.985843
-1.162912,-10.066606,0.717847
-1.162912,-10.066606,0.717847
-0.593420,-9.477970,0.480957
-0.593420,-9.477970,0.480957
-1.272982,-8.666803,0.102891
-1.272982,-8.666803,0.102891
-1.134198,-8.556733,0.291924
-1.134198,-8.556733,0.291924
-1.134198,-8.556733,0.291924
-1.134198,-8.556733,0.291924
-1.758725,-9.377472,0.401994
-1.758725,-9.377472,0.401994
-1.074377,-9.628718,1.210768
-1.074377,-9.628718,1.210768
-0.071785,-11.566904,1.253839
-0.071785,-11.566904,1.253839
-2.285146,-9.937392,1.043271
-2.285146,-9.937392,1.043271
-3.424129,-10.387242,0.698704
-3.424129,-10.387242,0.698704
-1.337588,-8.822337,0.476172
-1.337588,-8.822337,0.476172
0.413958,-8.389235,-0.007178
0.413958,-8.389235,-0.007178
-0.311067,-9.511470,0.110070
-0.311067,-9.511470,0.110070
-1.732404,-10.387242,0.717847
-1.732404,-10.387242,0.717847
-1.926222,-10.408779,1.208375
-1.926222,-10.408779,1.208375
-1.318445,-10.255639,1.103091
-1.318445,-10.255639,1.103091
-1.282553,-10.104890,0.715454
-1.282553,-10.104890,0.715454
-1.615155,-10.057034,0.423530
-1.615155,-10.057034,0.423530
-1.722832,-9.918249,-0.069392
-1.722832,-9.918249,-0.069392
-1.689333,-9.863215,-0.189033
-1.689333,-9.863215,-0.189033
-1.722832,-9.839286,-0.002393
-1.722832,-9.839286,-0.002393
-1.823331,-9.580862,0.291924
-1.823331,-9.580862,0.291924
-1.765903,-9.516255,0.533599
-1.765903,-9.516255,0.533599
-1.727618,-9.511470,0.686740
-1.727618,-9.511470,0.686740
-1.706082,-9.446864,0.725025
-1.706082,-9.446864,0.725025
-1.591227,-9.542577,0.777667
-1.591227,-9.542577,0.777667
-1.521835,-9.600004,0.930808
-1.521835,-9.600004,0.930808
-1.497907,-9.863215,0.806381
-1.497907,-9.863215,0.806381
-1.296910,-9.913465,0.799203
-1.296910,-9.913465,0.799203
-1.148555,-9.891929,0.930808
-1.148555,-9.891929,0.930808
-1.165305,-9.729217,0.892523
-1.165305,-9.729217,0.892523
-1.280160,-9.461221,0.930808
-1.280160,-9.461221,0.930808
-1.481157,-9.647861,0.832702
-1.481157,-9.647861,0.832702
-1.390230,-9.765109,0.851845
-1.390230,-9.765109,0.851845
-1.318445,-9.985250,0.959522
-1.318445,-9.985250,0.959522
-1.416551,-10.145569,0.854238
-1.416551,-10.145569,0.854238
-1.392623,-10.119246,0.739382
-1.392623,-10.119246,0.739382
-1.335195,-10.104890,0.713061
-1.335195,-10.104890,0.713061
-1.481157,-9.891929,0.717847
-1.481157,-9.891929,0.717847
-1.596013,-9.645468,0.698704
-1.596013,-9.645468,0.698704
-1.624727,-9.628718,0.770489
-1.624727,-9.628718,0.770489
-1.552942,-9.559326,0.696311
-1.552942,-9.559326,0.696311
-1.586441,-9.669396,0.626920
-1.586441,-9.669396,0.626920
-1.507478,-9.786645,0.555135
-1.507478,-9.786645,0.555135
-1.438086,-10.011569,0.378066
-1.438086,-10.011569,0.378066
-1.378266,-10.092925,0.291924
-1.378266,-10.092925,0.291924
-1.395016,-10.085747,0.272782
-1.395016,-10.085747,0.272782
-1.375873,-9.980463,0.404387
-1.375873,-9.980463,0.404387
-1.399801,-9.810574,0.457029
-1.399801,-9.810574,0.457029
-1.524228,-9.738789,0.492921
-1.524228,-9.738789,0.492921
-1.543371,-9.734003,0.519243
-1.543371,-9.734003,0.519243
-1.562513,-9.633504,0.588634
-1.562513,-9.633504,0.588634
-1.593620,-9.544970,0.495314
-1.593620,-9.544970,0.495314
-1.550549,-9.525827,0.452243
-1.550549,-9.525827,0.452243
-1.397408,-9.585647,0.591027
-1.397408,-9.585647,0.591027
-1.426122,-9.686146,0.619741
-1.426122,-9.686146,0.619741
-1.421337,-9.798609,0.571885
-1.421337,-9.798609,0.571885
-1.502693,-9.745967,0.646062
-1.502693,-9.745967,0.646062
-1.557728,-9.801002,0.576670
-1.557728,-9.801002,0.576670
-1.531406,-9.650253,0.655633
-1.531406,-9.650253,0.655633
-1.426122,-9.597611,0.581456
-1.426122,-9.597611,0.581456
-1.442872,-9.628718,0.619741
-1.442872,-9.628718,0.619741
-1.545763,-9.566505,0.760918
-1.545763,-9.566505,0.760918
-1.572084,-9.600004,0.770489
-1.572084,-9.600004,0.770489
-1.605584,-9.693325,0.813560
-1.605584,-9.693325,0.813560
-1.569692,-9.801002,0.878166
-1.569692,-9.801002,0.878166
-1.256232,-9.250652,-1.674976
-1.256232,-9.250652,-1.674976
-0.971486,-9.710074,0.033500
-0.971486,-9.710074,0.033500
-2.433501,-9.824929,-0.631705
-2.433501,-9.824929,-0.631705
-2.431108,-10.442278,0.574277
-2.431108,-10.442278,0.574277
-2.191825,-10.449455,1.182054
-2.191825,-10.449455,1.182054
-0.550349,-9.169296,1.969293
-0.550349,-9.169296,1.969293
-1.119841,-9.544970,-0.552742
-1.119841,-9.544970,-0.552742
-1.593620,-8.422735,0.150748
-1.593620,-8.422735,0.150748
-1.593620,-8.422735,0.150748
-2.203789,-8.894121,-0.583849
-2.203789,-8.894121,-0.583849
-2.203789,-8.894121,-0.583849
-1.744368,-9.444471,-0.311067
-1.744368,-9.444471,-0.311067
-1.744368,-9.444471,-0.311067
-1.256232,-10.183852,0.043071
-1.256232,-10.183852,0.043071
-1.256232,-10.183852,0.043071
-1.545763,-10.652846,-0.256032
-1.545763,-10.652846,-0.256032
-1.545763,-10.652846,-0.256032
-1.780260,-10.569098,-0.239282
-1.780260,-10.569098,-0.239282
-1.780260,-10.569098,-0.239282
-1.619941,-10.430314,-0.258425
-1.619941,-10.430314,-0.258425
-1.619941,-10.430314,-0.258425
-1.459622,-10.061819,-0.105284
-1.459622,-10.061819,-0.105284
-1.459622,-10.061819,-0.105284
-1.406980,-9.592826,-0.150748
-1.406980,-9.592826,-0.150748
-1.406980,-9.592826,-0.150748
-1.296910,-9.530612,-0.193819
-1.296910,-9.530612,-0.193819
-1.296910,-9.530612,-0.193819
-1.196411,-9.659825,-0.270389
-1.196411,-9.659825,-0.270389
-1.196411,-9.659825,-0.270389
-1.146162,-9.803394,-0.559920
-1.146162,-9.803394,-0.559920
-1.146162,-9.803394,-0.559920
-1.222732,-10.028319,-0.801596
-1.222732,-10.028319,-0.801596
-1.222732,-10.028319,-0.801596
-1.294517,-10.155140,-1.019342
-1.294517,-10.155140,-1.019342
-1.294517,-10.155140,-1.019342
-1.299303,-10.241282,-1.292124
-1.299303,-10.241282,-1.292124
-1.299303,-10.241282,-1.292124
-1.227518,-10.243673,-1.311267
-1.227518,-10.243673,-1.311267
-1.227518,-10.243673,-1.311267
-1.368695,-10.210175,-1.265803
-1.368695,-10.210175,-1.265803
-1.368695,-10.210175,-1.265803
-1.430908,-10.119246,-1.222732
-1.430908,-10.119246,-1.222732
-1.430908,-10.119246,-1.222732
-1.261017,-10.109675,-0.978664
-1.261017,-10.109675,-0.978664
-1.261017,-10.109675,-0.978664
-0.995414,-10.114462,-0.835095
-0.995414,-10.114462,-0.835095
-0.995414,-10.114462,-0.835095
-0.954736,-9.942179,-0.916451
-0.954736,-9.942179,-0.916451
-0.954736,-9.942179,-0.916451
-1.062413,-9.750752,-1.071985
-1.062413,-9.750752,-1.071985
-1.062413,-9.750752,-1.071985
-1.160519,-9.724431,-1.268196
-1.160519,-9.724431,-1.268196
-1.160519,-9.724431,-1.268196
-1.024128,-9.777073,-1.351945
-1.024128,-9.777073,-1.351945
-1.024128,-9.777073,-1.351945
-1.014557,-10.028319,-1.462015
-1.014557,-10.028319,-1.462015
-1.014557,-10.028319,-1.462015
-1.088734,-10.494920,-1.610370
-1.088734,-10.494920,-1.610370
-1.088734,-10.494920,-1.610370
-0.954736,-10.822738,-1.531406
-0.954736,-10.822738,-1.531406
-0.954736,-10.822738,-1.531406
-0.796810,-10.820344,-1.512264
-0.796810,-10.820344,-1.512264
-0.796810,-10.820344,-1.512264
-0.686740,-10.693524,-1.378266
-0.686740,-10.693524,-1.378266
-0.686740,-10.693524,-1.378266
-0.765703,-10.502099,-1.356731
-0.765703,-10.502099,-1.356731
-0.765703,-10.502099,-1.356731
-0.739382,-9.951750,-1.301696
-0.739382,-9.951750,-1.301696
-0.739382,-9.951750,-1.301696
-0.875773,-9.525827,-1.330409
-0.875773,-9.525827,-1.330409
-0.875773,-9.525827,-1.330409
-1.093520,-9.288938,-1.155733
-1.093520,-9.288938,-1.155733
-1.093520,-9.288938,-1.155733
-1.076770,-9.286544,-0.863809
-1.076770,-9.286544,-0.863809
-1.076770,-9.286544,-0.863809
-1.064806,-9.958927,-0.378066
-1.064806,-9.958927,-0.378066
-1.064806,-9.958927,-0.378066
-0.789631,-10.530812,-0.167498
-0.789631,-10.530812,-0.167498
-0.789631,-10.530812,-0.167498
-0.784846,-10.499706,0.002393
-0.784846,-10.499706,0.002393
-0.784846,-10.499706,0.002393
-1.033699,-10.286745,0.200997
-1.033699,-10.286745,0.200997
-1.033699,-10.286745,0.200997
-1.552942,-9.262616,0.612563
-1.552942,-9.262616,0.612563
-1.552942,-9.262616,0.612563
-1.182054,-8.197811,1.526621
-1.182054,-8.197811,1.526621
-1.182054,-8.197811,1.526621
-0.930808,-7.417750,4.149154
-0.930808,-7.417750,4.149154
-0.930808,-7.417750,4.149154
-1.131805,-7.257431,10.411172
-1.131805,-7.257431,10.411172
-1.131805,-7.257431,10.411172
-2.282753,-7.731210,20.092531
-2.282753,-7.731210,20.092531
-2.282753,-7.731210,20.092531
-6.431907,-9.994821,29.582466
-6.431907,-9.994821,29.582466
-6.431907,-9.994821,29.582466
-9.619147,-10.870593,37.294537
-9.619147,-10.870593,37.294537
-9.619147,-10.870593,37.294537
-7.003791,-5.565705,35.420952
-7.003791,-5.565705,35.420952
-7.003791,-5.565705,35.420952
-4.120440,-4.718646,34.308289
-4.120440,-4.718646,34.308289
-4.120440,-4.718646,34.308289
-3.890730,-6.113662,34.191044
-3.890730,-6.113662,34.191044
-3.890730,-6.113662,34.191044
-3.706482,-7.101898,34.511684
-3.706482,-7.101898,34.511684
-3.706482,-7.101898,34.511684
-0.763310,-12.337393,34.356148
-0.763310,-12.337393,34.356148
-0.763310,-12.337393,34.356148
2.536392,-19.314865,33.193233
2.536392,-19.314865,33.193233
2.536392,-19.314865,33.193233
4.101298,-26.110481,28.780870
4.101298,-26.110481,28.780870
4.101298,-26.110481,28.780870
6.326623,-25.402205,23.373093
6.326623,-25.402205,23.373093
6.326623,-25.402205,23.373093
5.874380,-21.645475,17.426928
5.874380,-21.645475,17.426928
5.874380,-21.645475,17.426928
5.209175,-17.723637,10.071390
5.209175,-17.723637,10.071390
5.209175,-17.723637,10.071390
5.333601,-13.464413,2.632105
5.333601,-13.464413,2.632105
5.333601,-13.464413,2.632105
4.371687,-12.514462,-2.433501
4.371687,-12.514462,-2.433501
4.371687,-12.514462,-2.433501
2.337788,-13.220345,-6.415157
2.337788,-13.220345,-6.415157
2.337788,-13.220345,-6.415157
1.428515,-11.636297,-11.121840
1.428515,-11.636297,-11.121840
1.428515,-11.636297,-11.121840
1.428515,-11.636297,-11.121840
1.428515,-11.636297,-11.121840
1.428515,-11.636297,-11.121840
10.494920,-20.712271,-17.084755
10.494920,-20.712271,-17.084755
10.494920,-20.712271,-17.084755
18.541983,-25.897518,-19.843679
18.541983,-25.897518,-19.843679
18.541983,-25.897518,-19.843679
18.510876,-21.547369,-22.334606
18.510876,-21.547369,-22.334606
18.510876,-21.547369,-22.334606
13.406984,-16.051056,-22.011574
13.406984,-16.051056,-22.011574
13.406984,-16.051056,-22.011574
11.923435,-11.004591,-21.320049
11.923435,-11.004591,-21.320049
11.923435,-11.004591,-21.320049
12.208181,-7.025328,-19.207188
12.208181,-7.025328,-19.207188
12.208181,-7.025328,-19.207188
11.389835,-5.733203,-17.501104
11.389835,-5.733203,-17.501104
11.389835,-5.733203,-17.501104
9.832108,-6.173482,-16.359728
9.832108,-6.173482,-16.359728
9.832108,-6.173482,-16.359728
7.925028,-7.109076,-16.235302
7.925028,-7.109076,-16.235302
7.925028,-7.109076,-16.235302
5.850451,-8.374879,-15.594026
5.850451,-8.374879,-15.594026
5.850451,-8.374879,-15.594026
3.718446,-11.358729,-14.215759
3.718446,-11.358729,-14.215759
3.718446,-11.358729,-14.215759
-0.878166,-16.754543,-12.339786
-0.878166,-16.754543,-12.339786
-0.878166,-16.754543,-12.339786
-9.583255,-20.164316,-10.234102
-9.583255,-20.164316,-10.234102
-9.583255,-20.164316,-10.234102
-3.507878,-13.562519,-6.266802
-3.507878,-13.562519,-6.266802
-3.507878,-13.562519,-6.266802
0.744168,-14.857035,-5.804988
0.744168,-14.857035,-5.804988
0.744168,-14.857035,-5.804988
-0.323031,-9.064013,-5.328816
-0.323031,-9.064013,-5.328816
-0.323031,-9.064013,-5.328816
-5.182854,-5.266603,-4.311867
-5.182854,-5.266603,-4.311867
-5.182854,-5.266603,-4.311867
-8.662018,-4.165904,-3.608376
-8.662018,-4.165904,-3.608376
-8.662018,-4.165904,-3.608376
-6.972685,-3.373880,-2.344966
-6.972685,-3.373880,-2.344966
-6.972685,-3.373880,-2.344966
-4.558327,-4.388437,-1.801795
-4.558327,-4.388437,-1.801795
-4.558327,-4.388437,-1.801795
-3.639483,-5.857630,-2.404787
-3.639483,-5.857630,-2.404787
-3.639483,-5.857630,-2.404787
-3.148954,-8.362915,-1.579263
-3.148954,-8.362915,-1.579263
-3.148954,-8.362915,-1.579263
-2.553142,-11.454442,-0.339781
-2.553142,-11.454442,-0.339781
-2.553142,-11.454442,-0.339781
-1.562513,-14.924035,1.409373
-1.562513,-14.924035,1.409373
-1.562513,-14.924035,1.409373
0.696311,-17.285749,2.957529
0.696311,-17.285749,2.957529
0.696311,-17.285749,2.957529
-0.430708,-15.026926,1.842474
-0.430708,-15.026926,1.842474
-0.430708,-15.026926,1.842474
-1.083949,-12.327823,1.399801
-1.083949,-12.327823,1.399801
-1.083949,-12.327823,1.399801
-1.249053,-10.013963,1.383051
-1.249053,-10.013963,1.383051
-1.249053,-10.013963,1.383051
-1.596013,-8.434700,1.387837
-1.596013,-8.434700,1.387837
-1.596013,-8.434700,1.387837
-1.880759,-7.319644,0.614955
-1.880759,-7.319644,0.614955
-1.880759,-7.319644,0.614955
-1.801795,-7.130611,0.330210
-1.801795,-7.130611,0.330210
-1.801795,-7.130611,0.330210
-1.883151,-8.159525,0.212961
-1.883151,-8.159525,0.212961
-1.883151,-8.159525,0.212961
-2.163112,-9.956534,0.143569
-2.163112,-9.956534,0.143569
-2.163112,-9.956534,0.143569
-1.954936,-11.782259,0.524028
-1.954936,-11.782259,0.524028
-1.954936,-11.782259,0.524028
-1.667797,-13.210773,0.739382
-1.667797,-13.210773,0.739382
-1.667797,-13.210773,0.739382
-1.569692,-13.782660,0.981057
-1.569692,-13.782660,0.981057
-1.569692,-13.782660,0.981057
-1.830509,-12.703495,1.026521
-1.830509,-12.703495,1.026521
-1.830509,-12.703495,1.026521
-2.447858,-11.107484,1.088734
-2.447858,-11.107484,1.088734
-2.447858,-11.107484,1.088734
-2.950350,-9.482756,1.263410
-2.950350,-9.482756,1.263410
-2.950350,-9.482756,1.263410
-2.998207,-8.731410,0.935594
-2.998207,-8.731410,0.935594
-2.998207,-8.731410,0.935594
-2.787638,-8.547162,0.698704
-2.787638,-8.547162,0.698704
-2.787638,-8.547162,0.698704
-2.790031,-9.142976,0.413958
-2.790031,-9.142976,0.413958
-2.790031,-9.142976,0.413958
-2.821138,-9.434900,0.531207
-2.821138,-9.434900,0.531207
-2.821138,-9.434900,0.531207
-2.730211,-9.829715,0.684347
-2.730211,-9.829715,0.684347
-2.730211,-9.829715,0.684347
-2.510071,-10.001998,1.057628
-2.510071,-10.001998,1.057628
-2.510071,-10.001998,1.057628
-2.127219,-9.973285,1.447658
-2.127219,-9.973285,1.447658
-2.127219,-9.973285,1.447658
-1.861616,-9.860823,1.617548
-1.861616,-9.860823,1.617548
-1.861616,-9.860823,1.617548
-1.844866,-9.695717,1.787439
-1.844866,-9.695717,1.787439
-1.844866,-9.695717,1.787439
-1.959722,-9.513863,1.529014
-1.959722,-9.513863,1.529014
-1.959722,-9.513863,1.529014
-2.014757,-9.442079,1.366302
-2.014757,-9.442079,1.366302
-2.014757,-9.442079,1.366302
-2.036292,-9.729217,0.736989
-2.036292,-9.729217,0.736989
-2.036292,-9.729217,0.736989
-1.962115,-9.829715,0.543171
-1.962115,-9.829715,0.543171
-1.962115,-9.829715,0.543171
-1.801795,-9.937392,0.552742
-1.801795,-9.937392,0.552742
-1.801795,-9.937392,0.552742
-1.663012,-9.652647,0.715454
-1.663012,-9.652647,0.715454
-1.663012,-9.652647,0.715454
-1.694118,-9.327222,0.993021
-1.694118,-9.327222,0.993021
-1.694118,-9.327222,0.993021
-1.756332,-9.190832,1.067199
-1.756332,-9.190832,1.067199
-1.756332,-9.190832,1.067199
-1.777867,-9.092726,0.926022
-1.777867,-9.092726,0.926022
-1.777867,-9.092726,0.926022
-1.741975,-9.195618,0.904487
-1.741975,-9.195618,0.904487
-1.741975,-9.195618,0.904487
-1.792224,-9.664611,0.820738
-1.792224,-9.664611,0.820738
-1.792224,-9.664611,0.820738
-1.674976,-10.097712,0.827917
-1.674976,-10.097712,0.827917
-1.674976,-10.097712,0.827917
-1.720440,-10.535598,0.961915
-1.720440,-10.535598,0.961915
-1.720440,-10.535598,0.961915
-1.823331,-10.626525,1.064806
-1.823331,-10.626525,1.064806
-1.823331,-10.626525,1.064806
-1.713261,-9.846465,0.976272
-1.713261,-9.846465,0.976272
-1.713261,-9.846465,0.976272
-1.708475,-8.973085,0.957129
-1.708475,-8.973085,0.957129
-1.708475,-8.973085,0.957129
-1.919044,-8.145168,0.969093
-1.919044,-8.145168,0.969093
-1.919044,-8.145168,0.969093
-2.021935,-7.707282,0.937986
-2.021935,-7.707282,0.937986
-2.021935,-7.707282,0.937986
-2.189433,-7.676175,1.069592
-2.189433,-7.676175,1.069592
-2.189433,-7.676175,1.069592
-2.179861,-8.080563,1.014557
-2.179861,-8.080563,1.014557
-2.179861,-8.080563,1.014557
-2.112862,-8.796017,1.088734
-2.112862,-8.796017,1.088734
-2.112862,-8.796017,1.088734
-2.213361,-9.667004,1.160519
-2.213361,-9.667004,1.160519
-2.213361,-9.667004,1.160519
-2.342573,-10.482956,1.215554
-2.342573,-10.482956,1.215554
-2.342573,-10.482956,1.215554
-2.301895,-10.762917,1.062413
-2.301895,-10.762917,1.062413
-2.301895,-10.762917,1.062413
-2.335395,-10.509278,1.050449
-2.335395,-10.509278,1.050449
-2.335395,-10.509278,1.050449
-2.581856,-9.944571,0.887737
-2.581856,-9.944571,0.887737
-2.581856,-9.944571,0.887737
-2.505285,-9.253045,0.978664
-2.505285,-9.253045,0.978664
-2.505285,-9.253045,0.978664
-2.562713,-8.738588,0.978664
-2.562713,-8.738588,0.978664
-2.562713,-8.738588,0.978664
-2.225325,-8.812766,1.131805
-2.225325,-8.812766,1.131805
-2.225325,-8.812766,1.131805
-1.445265,-10.432706,0.445065
-1.445265,-10.432706,0.445065
-1.445265,-10.432706,0.445065
-2.148755,-10.561919,2.220540
-2.148755,-10.561919,2.220540
-2.148755,-10.561919,2.220540
-1.768296,-10.372886,1.220340
-1.768296,-10.372886,1.220340
-1.768296,-10.372886,1.220340
-2.009971,-10.107283,1.555335
-2.009971,-10.107283,1.555335
-2.009971,-10.107283,1.555335
-2.730211,-8.958728,1.581656
-2.730211,-8.958728,1.581656
-2.730211,-8.958728,1.581656
-2.373680,-8.571091,1.464408
-2.373680,-8.571091,1.464408
-2.373680,-8.571091,1.464408
-2.282753,-9.420543,1.399801
-2.282753,-9.420543,1.399801
-2.282753,-9.420543,1.399801
-2.282753,-9.420543,1.399801
-2.282753,-9.420543,1.399801
-2.282753,-9.420543,1.399801
-2.268396,-9.853643,1.435694
-2.268396,-9.853643,1.435694
-2.268396,-9.853643,1.435694
-2.591427,-9.868000,1.117448
-2.591427,-9.868000,1.117448
-2.591427,-9.868000,1.117448
-1.916651,-9.698111,1.378266
-1.916651,-9.698111,1.378266
-1.916651,-9.698111,1.378266
-1.203590,-9.789038,1.667797
-1.203590,-9.789038,1.667797
-1.203590,-9.789038,1.667797
-2.392823,-10.045070,1.222732
-2.392823,-10.045070,1.222732
-2.392823,-10.045070,1.222732
-2.715853,-9.339187,1.311267
-2.715853,-9.339187,1.311267
-2.715853,-9.339187,1.311267
-3.120241,-10.068997,1.397408
-3.120241,-10.068997,1.397408
-3.120241,-10.068997,1.397408
-2.299503,-9.753145,1.706082
-2.299503,-9.753145,1.706082
-2.299503,-9.753145,1.706082
-2.021935,-9.504292,1.763510
-2.021935,-9.504292,1.763510
-2.021935,-9.504292,1.763510
-2.411965,-9.219545,1.272982
-2.411965,-9.219545,1.272982
-2.411965,-9.219545,1.272982
-2.411965,-9.219545,1.272982
-2.411965,-9.219545,1.272982
-2.411965,-9.219545,1.272982
-2.373680,-9.602397,1.371087
-2.373680,-9.602397,1.371087
-2.373680,-9.602397,1.371087
-1.969293,-9.705289,1.739582
-1.969293,-9.705289,1.739582
-1.969293,-9.705289,1.739582
-1.385444,-9.348758,1.588834
-1.385444,-9.348758,1.588834
-1.385444,-9.348758,1.588834
-2.024328,-9.214760,1.433301
-2.024328,-9.214760,1.433301
-2.024328,-9.214760,1.433301
-2.323431,-8.886944,1.299303
-2.323431,-8.886944,1.299303
-2.323431,-8.886944,1.299303
-1.215554,-9.707682,-0.165105
-1.868794,-9.712467,-0.241675
-2.213361,-9.633504,-0.378066
-2.079363,-9.564112,-0.244068
-1.942972,-9.535398,-0.086142
-1.964507,-9.678967,0.088534
-2.029114,-9.896714,0.143569
-1.945365,-9.844072,-0.002393
-1.701297,-9.789038,-0.004786
-1.576870,-9.667004,-0.004786
-1.485943,-9.506684,-0.004786
-1.533799,-9.253045,0.031107
-1.756332,-9.205189,0.014357
-1.878366,-9.432507,-0.047856
-1.856830,-9.614362,-0.215354
-1.658226,-9.755538,-0.222532
-1.509871,-9.927821,-0.160319
-1.383051,-10.004392,-0.021535
-1.648655,-9.674182,0.052642
-1.648655,-9.674182,0.052642
-1.825724,-9.533006,-0.047856
-1.847259,-9.389436,0.021535
-1.720440,-9.257831,0.076570
-1.639083,-9.291330,0.076570
-1.533799,-9.645468,0.031107
-1.459622,-9.848858,0.007178
-1.574477,-10.150353,-0.007178
-1.701297,-10.317852,0.009571
-1.631905,-10.267602,0.191426
-1.519442,-9.954143,0.394816
-1.495514,-9.729217,0.504886
-1.488336,-9.566505,0.437887
-1.473979,-9.544970,0.378066
-1.433301,-9.659825,0.461815
-1.337588,-9.829715,0.404387
-1.170090,-10.040283,0.306281
-1.172483,-10.066606,0.205783
-1.179662,-10.037891,0.251246
-1.107877,-9.815358,0.361316
-1.040878,-9.401401,0.275175
-1.203590,-9.064013,0.253639
-1.251446,-8.858230,0.380459
-1.330409,-8.865408,0.531207
-1.380659,-8.953942,0.959522
-0.976272,-8.920443,2.005185
-0.198604,-7.860423,3.529413
0.567099,-6.867401,6.250053
0.289532,-6.826723,10.085747
-6.374479,-7.805387,19.867607
-11.332408,-10.640882,25.430918
-12.067005,-14.589039,28.098917
-6.738188,-17.804993,29.304899
-1.670190,-18.558733,26.347370
1.969293,-17.225931,23.619553
4.419543,-17.010576,20.738594
5.840880,-16.055840,19.664217
6.063413,-14.117653,19.360327
4.285545,-12.134004,19.463219
1.198804,-11.794223,17.692532
0.076570,-11.892329,13.129417
2.706282,-13.313664,5.850451
6.092126,-13.526627,-0.014357
7.750352,-13.574483,-3.476771
7.793423,-10.908878,-6.228518
7.410572,-10.155140,-9.291330
8.353344,-13.605590,-12.038290
9.408579,-15.785451,-15.084354
8.678767,-17.139788,-17.974882
3.122634,-11.801401,-20.386848
3.122634,-11.801401,-20.386848
2.734996,-9.920642,-19.034904
2.402394,-8.999406,-17.142181
0.823131,-8.788837,-16.110876
-1.040878,-10.236496,-15.211173
-2.672783,-12.502499,-13.490734
-3.491128,-12.538391,-12.196217
-3.608376,-13.476377,-10.382458
-3.527020,-13.684553,-7.994420
-3.464807,-12.179466,-6.089733
-3.354738,-11.794223,-3.960121
-3.218346,-11.880364,-2.213361
-2.617748,-12.571891,-0.981057
-2.335395,-12.148360,-0.610170
-1.823331,-10.813165,-0.789631
-0.643669,-10.068997,-0.308674
-0.265603,-9.683753,0.208176
-0.177069,-9.865608,0.538385
-0.784846,-10.238889,1.136591
-0.847059,-10.427922,1.402194
-0.923629,-10.427922,1.701297
-1.887937,-10.174281,1.282553
-1.969293,-9.308081,0.873380
-1.318445,-8.992228,0.708275
-0.763310,-9.408579,1.292124
-0.196211,-10.104890,1.875973
-0.418744,-10.552348,2.093720
-1.074377,-10.157533,2.098505
-1.323231,-9.559326,1.804188
-2.414358,-9.114261,1.117448
-2.414358,-9.114261,1.117448
-2.009971,-9.166903,1.148555
-1.775474,-9.276974,1.459622
-1.383051,-9.485149,1.938186
-1.177269,-9.638289,2.321038
-1.282553,-9.815358,2.096112
-1.634298,-9.712467,1.911865
-2.194218,-9.966106,1.328017
-2.610569,-9.702895,0.775275
-2.589034,-9.324830,0.437887
-2.275574,-8.831908,0.401994
-2.218147,-8.745767,0.734596
-1.964507,-8.848659,1.031307
-1.749153,-9.274581,1.186840
-1.610370,-9.808180,1.383051
-1.737189,-10.329816,1.493121
-1.746760,-10.765309,1.457229
-1.550549,-10.494920,1.624727
-1.502693,-9.779467,1.588834
-1.753939,-8.975478,1.143769
-1.701297,-8.425128,1.143769
-1.495514,-8.006385,1.186840
-1.753939,-8.298308,1.172483
-1.986043,-8.874979,1.337588
-2.072184,-9.781858,1.574477
-2.368894,-11.928220,1.576870
-2.445465,-11.449656,1.524228
-2.438286,-10.676775,1.261017
-2.467000,-9.820145,1.148555
-2.225325,-9.121440,0.947558
-2.017149,-8.645268,0.945165
-2.007578,-8.642875,1.184447
-1.990828,-9.107083,1.485943
-1.732404,-9.946963,1.744368
-1.794617,-10.612168,1.861616
-1.988436,-10.581062,1.773082
-2.074577,-10.191031,1.296910
-2.127219,-9.710074,0.789631
-2.275574,-9.377472,0.607777
-2.177469,-9.360723,0.655633
-1.962115,-9.578469,0.825524
-1.957329,-9.942179,1.174876
-2.045863,-10.444671,1.438086
-1.914258,-10.724631,1.574477
-2.009971,-10.516455,1.399801
-2.134398,-10.006784,1.062413
-2.155933,-9.667004,0.770489
-2.225325,-9.568897,0.679562
-2.081756,-9.265009,0.495314
-1.974079,-9.047262,0.890130
-1.974079,-9.047262,0.890130
-1.746760,-9.655040,1.493121
-1.804188,-9.585647,1.421337
-1.933401,-9.422935,1.124627
-1.988436,-9.291330,0.942772
-2.014757,-9.253045,0.684347
-2.129612,-9.291330,0.543171
-2.294717,-9.312866,0.564706
-2.203789,-9.375079,0.741775
-2.091327,-9.408579,1.026521
-1.902294,-9.358330,1.299303
-1.828116,-9.320045,1.366302
-1.840081,-9.205189,1.318445
-1.899901,-9.006584,1.263410
-2.098505,-9.243474,1.124627
-2.376073,-9.564112,1.052842
-2.287539,-9.640682,0.760918
-2.096112,-9.528220,0.765703
-2.081756,-9.410972,0.966700
-1.945365,-9.298509,1.203590
-1.986043,-9.444471,1.416551
-1.978864,-9.475577,1.457229
-1.847259,-9.468399,1.442872
-1.976472,-9.525827,1.289732
-2.029114,-9.683753,1.210768
-2.263610,-9.724431,1.282553
-2.263610,-9.724431,1.222732
-1.976472,-9.619147,1.239482
-2.002793,-9.511470,1.316052
-1.947758,-9.382257,1.337588
-1.792224,-9.245867,1.366302
-1.756332,-9.064013,1.447658
-1.806581,-9.087940,1.433301
-1.875973,-9.269794,1.335195
-1.938186,-9.540184,1.363909
-2.108077,-9.745967,1.330409
-2.203789,-9.667004,1.253839
-2.141576,-9.535398,1.081556
-1.974079,-9.487542,1.150948
-1.966900,-9.738789,1.225125
-1.916651,-9.796216,1.442872
-1.990828,-9.777073,1.584049
-2.072184,-9.659825,1.454836
-2.141576,-9.497113,1.567299
-2.148755,-9.332008,1.526621
-2.069792,-9.236296,1.397408
-2.045863,-9.221939,1.287339
-2.098505,-9.485149,1.213161
-1.890330,-9.887143,1.150948
-1.720440,-10.040283,1.524228
-1.720440,-10.040283,1.524228
-1.521835,-9.542577,1.849652
-1.653440,-9.348758,1.787439
-1.756332,-9.238688,1.663012
-1.820938,-9.178867,1.593620
-2.096112,-9.308081,1.469193
-2.225325,-9.667004,1.287339
-2.136791,-10.095319,1.122234
-2.756532,-11.909079,0.512064
-1.454836,-11.095518,0.665205
-2.081756,-9.138189,1.160519
-2.400001,-8.482556,1.076770
-1.287339,-8.362915,1.529014
-1.519442,-9.676575,1.727618
-1.385444,-9.784252,1.627119
-1.734797,-9.296116,1.593620
