-2.524428,-9.750752,0.586242
-2.667997,-9.832108,0.626920
-2.746960,-9.841680,0.617348
-2.672783,-10.049855,0.612563
-2.696711,-10.052249,0.466600
-2.928815,-11.054840,0.198604
-2.242075,-9.499505,0.638884
-2.660819,-9.774680,0.413958
-2.622534,-9.217153,0.203390
-2.754139,-9.698111,-0.165105
-2.431108,-9.650253,-0.260818
-2.464607,-10.234102,-0.411566
-2.553142,-10.435099,-0.366102
-2.423929,-10.561919,-0.397209
-2.423929,-10.561919,-0.397209
-2.426322,-10.470992,-0.658026
-2.447858,-10.353743,-0.985843
-2.593820,-11.042876,-1.328017
-2.711068,-11.825329,-1.727618
-2.641676,-12.662818,-2.108077
-2.565106,-13.337594,-2.335395
-2.273181,-13.028918,-2.285146
-2.062613,-12.110075,-2.644069
-2.132005,-11.246266,-2.991028
-2.227718,-10.614561,-3.414558
-2.098505,-10.392029,-3.749553
-1.935793,-10.583455,-3.840480
-1.880759,-11.181661,-3.866802
-1.899901,-11.602797,-3.625126
-2.072184,-11.801401,-3.493521
-2.352145,-11.810973,-3.464807
-2.368894,-11.679367,-3.414558
-2.122434,-10.908878,-3.194418
-1.875973,-10.360922,-3.333202
-1.636691,-9.934999,-3.426522
-1.418944,-9.769895,-3.495914
-1.270589,-9.882358,-3.431308
-1.253839,-9.937392,-3.058028
-1.435694,-10.241282,-2.754139
-1.478764,-10.454242,-2.000400
-1.323231,-10.676775,-2.000400
-0.674776,-10.746166,-1.488336
-0.373280,-10.241282,-1.076770
-0.184247,-9.513863,-0.624527
-0.229711,-8.740981,-0.662812
-0.222532,-7.975278,-0.454636
-0.155533,-7.762317,-0.299103
-0.057428,-7.633104,-0.086142
0.215354,-7.843673,0.502493
0.332602,-7.951349,1.328017
0.272782,-8.063812,2.000400
0.157926,-8.099705,2.438286
0.155533,-8.252845,2.758924
0.167498,-8.506484,3.060420
0.229711,-8.580662,3.148954
0.263210,-8.561519,3.184847
0.191426,-8.729016,3.122634
0.191426,-8.827123,3.364309
0.007178,-8.712267,3.579663
-0.435494,-8.939585,3.806981
-0.533599,-9.032906,4.012764
-0.533599,-8.951550,4.134798
-0.725025,-8.812766,4.307081
-1.083949,-8.817552,4.395615
-0.976272,-8.501699,4.587041
-0.976272,-8.501699,4.587041
-1.263410,-8.606983,4.610970
-1.349552,-8.578269,4.582255
-1.596013,-8.657232,4.409972
-1.698904,-8.676375,4.242475
-1.641476,-9.032906,4.252046
-1.600798,-9.609575,4.096512
-1.586441,-10.009177,3.996014
-1.605584,-10.171888,3.823731
-1.782653,-9.812965,3.866802
-2.045863,-10.332209,3.802195
-1.926222,-9.317651,3.945765
-2.108077,-8.956335,4.039084
-2.079363,-8.420342,4.012764
-2.191825,-8.606983,3.821337
-2.115255,-9.025726,3.596412
-1.976472,-9.755538,3.273381
-1.909473,-10.427922,3.000600
-1.820938,-10.908878,2.624927
-1.610370,-11.114661,2.498107
-1.701297,-11.301301,2.239682
-1.572084,-10.789237,2.261217
-1.904687,-10.238889,2.141576
-1.974079,-9.839286,2.096112
-1.928615,-9.616754,1.875973
-2.009971,-9.621540,1.651048
-2.053042,-9.889536,1.464408
-2.014757,-10.463813,1.043271
-1.873580,-11.033305,0.581456
-1.971686,-10.901700,0.619741
-2.079363,-10.473385,0.449851
-2.057827,-9.911072,0.265603
-2.048256,-9.564112,0.126820
-1.962115,-9.209974,0.021535
-1.864009,-9.343972,-0.069392
-1.761117,-9.614362,-0.148355
-1.667797,-9.829715,-0.315853
-1.564906,-10.145569,-0.308674
-1.478764,-10.219746,-0.133998
-1.483550,-9.958927,0.011964
-1.622334,-9.327222,0.174676
-1.741975,-8.886944,0.172283
-1.787439,-8.714661,-0.368495
-1.660619,-8.858230,-0.320638
-1.622334,-9.308081,0.220140
-1.710868,-9.154939,-0.038285
-1.768296,-9.348758,-0.165105
-1.660619,-9.535398,0.124427
-1.636691,-9.652647,0.189033
-1.598405,-9.690931,0.296710
-1.715654,-9.556933,0.564706
-1.775474,-9.262616,0.722632
-1.605584,-8.819944,1.172483
-1.966900,-9.109475,1.215554
-1.136591,-9.260223,1.275374
-1.289732,-9.078369,1.007378
-1.768296,-9.451650,1.036092
-1.842474,-9.358330,1.007378
-1.545763,-10.114462,1.119841
-1.490728,-10.614561,1.138984
-1.517050,-10.461421,0.796810
-1.256232,-10.537991,0.806381
-1.866402,-9.896714,0.509671
-2.450250,-9.485149,0.533599
-2.151148,-9.360723,1.179662
-1.974079,-9.075976,0.375673
-1.493121,-10.188639,1.028914
-1.689333,-10.738988,1.067199
-1.237089,-10.107283,0.993021
-1.447658,-9.757930,1.119841
-1.232304,-9.760324,0.806381
-1.155733,-9.410972,0.646062
-0.820738,-9.542577,0.923629
-0.914058,-9.741181,1.019342
-0.655633,-9.568897,1.217947
-1.375873,-10.597812,1.351945
-1.375873,-10.597812,1.351945
-1.375873,-10.597812,1.351945
-0.653241,-9.743573,1.287339
-0.701097,-9.942179,0.315853
0.339781,-9.686146,-0.435494
-1.538585,-10.949556,-0.368495
-2.696711,-10.035499,0.492921
-2.270789,-9.982857,0.411566
-1.177269,-10.959127,0.909273
-1.170090,-10.719845,0.435494
-1.586441,-10.545169,0.447458
-1.651048,-10.176675,0.406780
-1.521835,-10.073784,0.614955
-1.452443,-9.875179,0.650848
-1.442872,-9.635897,0.662812
-1.478764,-9.365508,0.729811
-1.505085,-9.387043,0.799203
-1.471586,-9.473185,0.839881
-1.462015,-9.674182,0.832702
-1.428515,-10.049855,0.667598
-1.399801,-10.303494,0.607777
-1.335195,-10.447062,0.684347
-1.351945,-10.222138,0.710668
-1.469193,-9.810574,0.772882
-1.450050,-9.360723,0.902094
-1.466800,-9.040084,0.952343
-1.572084,-8.874979,1.060020
-1.572084,-8.874979,1.060020
-1.521835,-9.401401,0.983450
-1.478764,-9.769895,0.851845
-1.332802,-10.035499,0.780060
-1.268196,-10.169496,0.725025
-1.292124,-10.219746,0.796810
-1.265803,-10.112068,0.715454
-1.299303,-9.693325,0.861416
-1.447658,-9.434900,0.947558
-1.519442,-9.111869,1.012164
-1.634298,-8.985049,1.045663
-1.655833,-9.016156,1.021735
-1.572084,-9.260223,0.875773
-1.473979,-9.664611,0.832702
-1.418944,-9.937392,0.725025
-1.402194,-10.183852,0.662812
-1.430908,-10.372886,0.545564
-1.493121,-10.396815,0.457029
-1.481157,-10.090532,0.485743
-1.550549,-9.789038,0.605384
-1.636691,-9.372685,0.686740
-1.584049,-9.142976,0.813560
-1.531406,-9.047262,0.930808
-1.651048,-9.183653,0.820738
-1.651048,-9.183653,0.820738
-1.725225,-9.772287,0.655633
-1.722832,-9.987641,0.528814
-1.610370,-10.162319,0.490529
-1.593620,-10.128819,0.576670
-1.507478,-9.762716,-0.232104
-1.741975,-9.609575,-0.320638
-1.892723,-9.324830,-0.136391
-1.780260,-9.401401,0.272782
-1.579263,-9.293723,0.736989
-1.560120,-9.415757,1.033699
-1.555335,-9.518648,0.863809
-1.490728,-9.808180,0.543171
-1.706082,-9.501899,0.141177
-1.718047,-9.544970,0.129212
-1.517050,-9.714860,0.066999
-1.517050,-9.714860,0.066999
-1.457229,-10.310673,0.299103
-1.457229,-10.310673,0.299103
-1.562513,-10.303494,0.313460
-1.562513,-10.303494,0.313460
-1.773082,-10.171888,0.291924
-1.773082,-10.171888,0.291924
-1.828116,-9.695717,0.165105
-1.828116,-9.695717,0.165105
-1.866402,-9.566505,0.016750
-1.866402,-9.566505,0.016750
-1.808974,-9.523434,0.033500
-1.808974,-9.523434,0.033500
-1.813759,-9.533006,0.028714
-1.813759,-9.533006,0.028714
-1.770689,-9.710074,0.033500
-1.770689,-9.710074,0.033500
-1.720440,-9.879964,-0.102891
-1.720440,-9.879964,-0.102891
-1.507478,-10.231709,-0.052642
-1.507478,-10.231709,-0.052642
-1.507478,-10.231709,-0.052642
-1.507478,-10.231709,-0.052642
-1.450050,-10.267602,-0.107677
-1.450050,-10.267602,-0.107677
-1.409373,-10.100104,-0.045464
-1.409373,-10.100104,-0.045464
-1.392623,-9.930215,0.009571
-1.392623,-9.930215,0.009571
-1.452443,-9.822537,0.078963
-1.452443,-9.822537,0.078963
-1.440479,-9.678967,0.212961
-1.440479,-9.678967,0.212961
-1.433301,-9.688539,0.200997
-1.433301,-9.688539,0.200997
-1.450050,-9.786645,0.239282
-1.450050,-9.786645,0.239282
-1.502693,-9.970891,0.306281
-1.502693,-9.970891,0.306281
-1.505085,-10.138390,0.337388
-1.505085,-10.138390,0.337388
-1.450050,-10.107283,0.468993
-1.450050,-10.107283,0.468993
-1.426122,-10.033106,0.483350
-1.426122,-10.033106,0.483350
-1.447658,-9.789038,0.526421
-1.447658,-9.789038,0.526421
-1.478764,-9.600004,0.516850
-1.478764,-9.600004,0.516850
-1.450050,-9.585647,0.435494
-1.450050,-9.585647,0.435494
-1.562513,-9.556933,0.490529
-1.562513,-9.556933,0.490529
-1.663012,-9.566505,0.464208
-1.663012,-9.566505,0.464208
-1.732404,-9.750752,0.349352
-1.732404,-9.750752,0.349352
-1.576870,-9.755538,0.337388
-1.576870,-9.755538,0.337388
-1.514657,-9.774680,0.210568
-1.514657,-9.774680,0.210568
-1.450050,-9.753145,0.205783
-1.450050,-9.753145,0.205783
-1.313660,-9.724431,0.222532
-1.313660,-9.724431,0.222532
-1.184447,-9.772287,0.284746
-1.184447,-9.772287,0.284746
-0.827917,-9.327222,0.043071
-0.827917,-9.327222,0.043071
-0.827917,-9.327222,0.043071
-0.827917,-9.327222,0.043071
-0.897308,-9.190832,0.052642
-0.897308,-9.190832,0.052642
-0.863809,-9.174082,-0.021535
-0.863809,-9.174082,-0.021535
-0.607777,-9.477970,-0.279960
-0.607777,-9.477970,-0.279960
-0.736989,-9.765109,-0.425922
-0.736989,-9.765109,-0.425922
-0.854238,-9.961320,-0.392423
-0.854238,-9.961320,-0.392423
-0.746561,-10.107283,-0.349352
-0.746561,-10.107283,-0.349352
-0.693919,-10.040283,-0.361316
-0.693919,-10.040283,-0.361316
-0.423530,-10.205389,-0.555135
-0.423530,-10.205389,-0.555135
0.126820,-10.207782,-0.686740
0.126820,-10.207782,-0.686740
0.246461,-10.269995,-0.863809
0.246461,-10.269995,-0.863809
0.401994,-9.944571,-0.756132
0.401994,-9.944571,-0.756132
0.098106,-8.635696,-1.184447
0.098106,-8.635696,-1.184447
-0.282353,-8.932407,-1.045663
-0.282353,-8.932407,-1.045663
-0.629312,-8.870193,-0.576670
-0.629312,-8.870193,-0.576670
-1.184447,-9.671788,0.270389
-1.184447,-9.671788,0.270389
-1.450050,-10.365707,1.371087
-1.450050,-10.365707,1.371087
-1.529014,-10.877771,1.789831
-1.529014,-10.877771,1.789831
-1.110270,-11.219944,2.670390
-1.110270,-11.219944,2.670390
-1.715654,-10.707881,4.110869
-1.715654,-10.707881,4.110869
-3.354738,-9.757930,7.269395
-3.354738,-9.757930,7.269395
-4.414758,-9.159724,12.114861
-4.414758,-9.159724,12.114861
-5.462814,-8.724231,18.654444
-5.462814,-8.724231,18.654444
-7.192825,-9.623933,29.307291
-7.192825,-9.623933,29.307291
-7.010970,-8.956335,36.203407
-7.010970,-8.956335,36.203407
-0.634098,-6.544370,34.738998
-0.634098,-6.544370,34.738998
-0.634098,-6.544370,34.738998
-0.634098,-6.544370,34.738998
0.748954,-9.262616,33.903904
0.748954,-9.262616,33.903904
3.821337,-11.485549,35.198421
3.821337,-11.485549,35.198421
5.091926,-13.552947,35.064419
5.091926,-13.552947,35.064419
4.520042,-15.881163,29.690142
4.520042,-15.881163,29.690142
5.680561,-14.914464,22.360928
5.680561,-14.914464,22.360928
6.113662,-17.723637,10.861022
6.113662,-17.723637,10.861022
7.286145,-18.668802,1.361516
7.286145,-18.668802,1.361516
7.726424,-16.465012,-5.481956
7.726424,-16.465012,-5.481956
6.075377,-15.885949,-9.437292
6.075377,-15.885949,-9.437292
5.446064,-14.813965,-12.961920
5.446064,-14.813965,-12.961920
6.460621,-14.435899,-16.055840
6.460621,-14.435899,-16.055840
8.324631,-15.663417,-18.520447
8.324631,-15.663417,-18.520447
10.447062,-16.780865,-20.161924
10.447062,-16.780865,-20.161924
10.942378,-15.381063,-22.088144
10.942378,-15.381063,-22.088144
9.772287,-14.170296,-23.085955
9.772287,-14.170296,-23.085955
8.740981,-12.734602,-22.841887
8.740981,-12.734602,-22.841887
8.271988,-11.521441,-21.250658
8.271988,-11.521441,-21.250658
8.190632,-11.432907,-19.592432
8.190632,-11.432907,-19.592432
7.834101,-11.519048,-16.941183
7.834101,-11.519048,-16.941183
6.970293,-10.880164,-15.634703
6.970293,-10.880164,-15.634703
5.907879,-10.011569,-15.266209
5.907879,-10.011569,-15.266209
4.515256,-9.233903,-14.720645
4.515256,-9.233903,-14.720645
0.421137,-8.965906,-12.490535
0.421137,-8.965906,-12.490535
0.421137,-8.965906,-12.490535
0.421137,-8.965906,-12.490535
-1.957329,-7.915457,-10.320245
-1.957329,-7.915457,-10.320245
-3.735196,-6.314659,-8.657232
-3.735196,-6.314659,-8.657232
-3.972085,-4.766503,-6.659225
-3.972085,-4.766503,-6.659225
-3.627519,-5.489135,-6.005985
-3.627519,-5.489135,-6.005985
-2.957529,-7.121039,-5.900701
-2.957529,-7.121039,-5.900701
-2.208575,-8.494520,-5.412565
-2.208575,-8.494520,-5.412565
-2.148755,-10.286745,-4.733003
-2.148755,-10.286745,-4.733003
-2.318645,-11.361122,-4.359723
-2.318645,-11.361122,-4.359723
-2.632105,-10.870593,-3.857230
-2.632105,-10.870593,-3.857230
-3.302095,-9.482756,-3.055635
-3.302095,-9.482756,-3.055635
-4.331009,-8.355737,-2.555535
-4.331009,-8.355737,-2.555535
-4.596612,-7.417750,-2.524428
-4.596612,-7.417750,-2.524428
-3.955336,-7.070791,-2.589034
-3.955336,-7.070791,-2.589034
-3.177669,-6.965507,-2.746960
-3.177669,-6.965507,-2.746960
-2.775674,-7.276574,-2.632105
-2.775674,-7.276574,-2.632105
-2.746960,-8.307880,-2.562713
-2.746960,-8.307880,-2.562713
-2.876173,-9.499505,-2.273181
-2.876173,-9.499505,-2.273181
-2.921637,-10.593026,-1.978864
-2.921637,-10.593026,-1.978864
-3.036492,-11.734402,-1.560120
-3.036492,-11.734402,-1.560120
-3.261417,-11.660224,-1.354338
-3.261417,-11.660224,-1.354338
-3.433701,-11.038091,-1.287339
-3.433701,-11.038091,-1.287339
-3.397808,-9.934999,-1.033699
-3.397808,-9.934999,-1.033699
-3.586841,-9.047262,-1.143769
-3.586841,-9.047262,-1.143769
-3.476771,-8.341379,-0.897308
-3.476771,-8.341379,-0.897308
-3.323631,-8.245667,-0.947558
-3.323631,-8.245667,-0.947558
-3.314059,-8.779266,-1.083949
-3.314059,-8.779266,-1.083949
-3.311667,-9.406186,-0.550349
-3.311667,-9.406186,-0.550349
-3.747160,-10.073784,-0.550349
-3.747160,-10.073784,-0.550349
-3.773481,-10.549955,-0.634098
-3.773481,-10.549955,-0.634098
-3.708875,-9.494720,-0.390030
-3.708875,-9.494720,-0.390030
-3.888337,-8.178668,-0.303888
-3.888337,-8.178668,-0.303888
-3.876373,-7.223931,-0.681954
-3.876373,-7.223931,-0.681954
-3.572484,-7.228717,-0.727418
-3.572484,-7.228717,-0.727418
-3.371487,-7.908278,-0.677169
-3.371487,-7.908278,-0.677169
-3.309274,-9.044869,-0.669990
-3.309274,-9.044869,-0.669990
-3.153740,-10.346564,-0.780060
-3.153740,-10.346564,-0.780060
-2.962314,-10.951948,-0.911665
-2.962314,-10.951948,-0.911665
-3.038885,-11.071590,-0.842274
-3.038885,-11.071590,-0.842274
-3.321238,-10.748559,-0.890130
-3.321238,-10.748559,-0.890130
-3.436093,-10.315458,-0.772882
-3.436093,-10.315458,-0.772882
-3.227918,-9.513863,-0.684347
-3.227918,-9.513863,-0.684347
-3.048456,-9.028119,-0.514457
-3.048456,-9.028119,-0.514457
-3.141776,-8.544770,-0.672383
-3.141776,-8.544770,-0.672383
-3.180061,-8.539984,-0.543171
-3.180061,-8.539984,-0.543171
-3.218346,-8.889337,-0.576670
-3.218346,-8.889337,-0.576670
-3.304488,-9.157332,-0.440279
-3.304488,-9.157332,-0.440279
-3.419343,-9.456435,-0.433101
-3.419343,-9.456435,-0.433101
-3.287738,-9.769895,-0.500100
-3.287738,-9.769895,-0.500100
-3.086741,-9.822537,-0.418744
-3.086741,-9.822537,-0.418744
-3.096312,-9.839286,-0.277567
-3.096312,-9.839286,-0.277567
-3.058028,-9.633504,-0.043071
-3.058028,-9.633504,-0.043071
-3.077170,-9.592826,0.102891
-3.077170,-9.592826,0.102891
-3.187240,-9.643075,-0.064606
-3.187240,-9.643075,-0.064606
-3.333202,-9.614362,0.090927
-3.333202,-9.614362,0.090927
-3.397808,-9.789038,0.107677
-3.397808,-9.789038,0.107677
-3.340380,-9.834501,0.110070
-3.340380,-9.834501,0.110070
-3.203990,-9.868000,0.179462
-3.203990,-9.868000,0.179462
-3.172883,-9.784252,0.404387
-3.172883,-9.784252,0.404387
-3.077170,-9.379865,0.406780
-3.077170,-9.379865,0.406780
-3.074777,-8.987441,0.483350
-3.074777,-8.987441,0.483350
-3.172883,-8.805587,0.442672
-3.172883,-8.805587,0.442672
-3.273381,-8.834301,0.521635
-3.273381,-8.834301,0.521635
-3.230310,-8.901299,0.512064
-3.230310,-8.901299,0.512064
-3.077170,-9.303294,0.473779
-3.077170,-9.303294,0.473779
-3.043670,-9.623933,0.521635
-3.043670,-9.623933,0.521635
-2.924029,-9.631111,0.552742
-2.924029,-9.631111,0.552742
-2.914458,-9.473185,0.586242
-2.914458,-9.473185,0.586242
-2.947958,-9.066404,0.674776
-2.947958,-9.066404,0.674776
-3.089134,-8.772088,0.681954
-3.089134,-8.772088,0.681954
-3.261417,-8.585447,0.725025
-3.261417,-8.585447,0.725025
-3.225525,-8.685946,0.689133
-3.225525,-8.685946,0.689133
-3.132205,-9.059227,0.521635
-3.132205,-9.059227,0.521635
-2.988636,-9.592826,0.447458
-2.988636,-9.592826,0.447458
-3.065206,-9.963714,0.413958
-3.065206,-9.963714,0.413958
-3.022135,-9.961320,0.301496
-3.022135,-9.961320,0.301496
-3.002992,-9.870394,-0.014357
-3.002992,-9.870394,-0.014357
-3.069991,-9.755538,0.071785
-3.069991,-9.755538,0.071785
-2.589034,-8.975478,0.356531
-2.589034,-8.975478,0.356531
-3.163311,-8.602197,0.672383
-3.163311,-8.602197,0.672383
-3.546163,-9.466006,0.813560
-3.546163,-9.466006,0.813560
-2.761317,-10.258030,1.007378
-2.761317,-10.258030,1.007378
-3.079563,-10.542776,0.665205
-3.079563,-10.542776,0.665205
-3.400201,-10.236496,0.382852
-3.400201,-10.236496,0.382852
-3.388237,-9.927821,0.598206
-3.388237,-9.927821,0.598206
-3.625126,-9.690931,0.756132
-3.625126,-9.690931,0.756132
-3.529413,-9.564112,0.758525
-3.529413,-9.564112,0.758525
-3.316452,-9.059227,0.835095
-3.316452,-9.059227,0.835095
-2.115255,-8.788837,0.906880
-2.115255,-8.788837,0.906880
-1.261017,-8.901299,0.782453
-1.261017,-8.901299,0.782453
-4.082155,-8.504091,0.698704
-4.082155,-8.504091,0.698704
-3.601198,-8.532805,0.894916
-3.601198,-8.532805,0.894916
-2.675175,-8.559127,1.217947
-2.675175,-8.559127,1.217947
-3.270989,-10.124033,1.043271
-3.270989,-10.124033,1.043271
-2.488536,-9.312866,0.789631
-2.488536,-9.312866,0.789631
-2.273181,-9.808180,0.997807
-2.273181,-9.808180,0.997807
-2.141576,-9.332008,0.897308
-2.141576,-9.332008,0.897308
-2.612962,-9.245867,0.863809
-2.612962,-9.245867,0.863809
-2.943172,-8.872586,1.117448
-2.943172,-8.872586,1.117448
-2.943172,-8.872586,1.117448
-2.943172,-8.872586,1.117448
-2.943172,-8.872586,1.117448
-2.943172,-8.872586,1.117448
-2.687140,-9.238688,1.141376
-2.687140,-9.238688,1.141376
-2.648855,-8.977871,0.870987
-2.648855,-8.977871,0.870987
-2.443072,-9.162118,1.275374
-2.443072,-9.162118,1.275374
-2.667997,-9.140583,1.366302
-2.667997,-9.140583,1.366302
-2.409572,-9.147761,1.368695
-2.409572,-9.147761,1.368695
-3.503092,-8.796017,1.325624
-3.503092,-8.796017,1.325624
-3.665804,-8.896514,1.287339
-3.665804,-8.896514,1.287339
-4.177868,-9.073583,1.246661
-4.177868,-9.073583,1.246661
-4.012764,-9.257831,1.205983
-4.012764,-9.257831,1.205983
-2.782853,-8.626125,1.622334
-2.782853,-8.626125,1.622334
-3.213561,-9.343972,0.279960
-3.213561,-9.343972,0.279960
-2.143969,-8.027920,0.952343
-2.143969,-8.027920,0.952343
-3.058028,-10.104890,1.012164
-3.058028,-10.104890,1.012164
-4.060620,-10.447062,0.942772
-4.060620,-10.447062,0.942772
-3.522235,-10.387242,1.100698
-3.522235,-10.387242,1.100698
-2.577070,-9.745967,0.906880
-2.577070,-9.745967,0.906880
-2.744568,-9.248260,0.830309
-2.744568,-9.248260,0.830309
-3.230310,-8.968300,1.014557
-3.230310,-8.968300,1.014557
-2.998207,-8.934800,0.961915
-2.998207,-8.934800,0.961915
-2.792424,-9.322437,1.028914
-2.792424,-9.322437,1.028914
-2.739782,-9.399008,1.038485
-2.739782,-9.399008,1.038485
-2.943172,-9.226725,0.849452
-2.943172,-9.226725,0.849452
-2.971886,-9.028119,0.827917
-2.971886,-9.028119,0.827917
-2.849852,-9.004191,0.902094
-2.849852,-9.004191,0.902094
-2.907279,-9.293723,0.844666
-2.907279,-9.293723,0.844666
-2.919244,-9.468399,0.870987
-2.919244,-9.468399,0.870987
-2.914458,-9.477970,0.882952
-2.914458,-9.477970,0.882952
-2.780460,-9.650253,1.009771
-2.780460,-9.650253,1.009771
-2.718246,-9.224331,0.832702
-2.718246,-9.224331,0.832702
-2.840281,-9.305687,0.818345
-2.840281,-9.305687,0.818345
-2.825923,-9.418150,0.940379
-2.825923,-9.418150,0.940379
-2.907279,-9.511470,0.978664
-2.907279,-9.511470,0.978664
-2.971886,-9.566505,1.048056
-2.971886,-9.566505,1.048056
-2.818745,-9.525827,1.153341
-2.818745,-9.525827,1.153341
-2.823531,-9.650253,1.100698
-2.823531,-9.650253,1.100698
-2.900101,-9.552148,1.179662
-2.900101,-9.552148,1.179662
-2.825923,-9.509077,1.136591
-2.825923,-9.509077,1.136591
-2.897708,-9.399008,1.021735
-2.897708,-9.399008,1.021735
-2.876173,-9.329616,0.981057
-2.876173,-9.329616,0.981057
-2.813959,-9.327222,0.947558
-2.813959,-9.327222,0.947558
-2.773281,-9.473185,0.830309
-2.773281,-9.473185,0.830309
-2.895315,-9.607183,0.899701
-2.895315,-9.607183,0.899701
-2.938386,-9.781858,0.954736
-2.938386,-9.781858,0.954736
-2.766103,-9.781858,1.045663
-2.766103,-9.781858,1.045663
-2.785245,-9.791430,1.071985
-2.785245,-9.791430,1.071985
-2.967100,-9.533006,1.052842
-2.967100,-9.533006,1.052842
-2.866602,-9.358330,1.105484
-2.866602,-9.358330,1.105484
-2.854637,-9.276974,1.174876
-2.854637,-9.276974,1.174876
-2.859423,-9.360723,0.995414
-2.859423,-9.360723,0.995414
-2.907279,-9.470792,0.947558
-2.907279,-9.470792,0.947558
-2.785245,-9.616754,0.902094
-2.785245,-9.616754,0.902094
-2.914458,-9.604790,0.813560
-2.914458,-9.604790,0.813560
-2.093720,-10.035499,0.014357
-2.093720,-10.035499,0.014357
-2.093720,-10.035499,0.014357
-2.093720,-10.035499,0.014357
-3.328416,-9.004191,1.012164
-3.328416,-9.004191,1.012164
-2.782853,-9.176475,1.502693
-2.782853,-9.176475,1.502693
-2.313859,-9.056834,1.435694
-2.313859,-9.056834,1.435694
-2.512464,-9.128618,1.380659
-2.512464,-9.128618,1.380659
-2.282753,-9.494720,1.241875
-2.282753,-9.494720,1.241875
-2.069792,-9.729217,1.196411
-2.069792,-9.729217,1.196411
-2.667997,-9.638289,1.194018
-2.667997,-9.638289,1.194018
-0.918844,-9.985250,0.528814
-0.906880,-10.454242,-0.143569
-1.256232,-10.557133,-0.401994
-1.658226,-10.341780,-0.244068
-1.758725,-10.107283,-0.528814
-1.423729,-10.033106,-0.452243
-1.186840,-9.920642,-0.555135
-1.179662,-9.743573,-0.746561
-1.399801,-9.573684,-0.746561
-1.574477,-9.420543,-0.710668
-1.591227,-9.501899,-0.720240
-1.543371,-9.535398,-0.660419
-1.469193,-9.762716,-0.545564
-1.473979,-10.001998,-0.540778
-1.390230,-10.078569,-0.543171
-1.301696,-10.109675,-0.598206
-1.265803,-9.956534,-0.622134
-1.138984,-9.719646,-0.660419
-1.323231,-9.308081,-0.610170
-1.323231,-9.308081,-0.610170
-1.275374,-9.205189,-0.614955
-1.196411,-9.317651,-0.586242
-1.325624,-9.387043,-0.751346
-1.383051,-9.418150,-0.897308
-1.351945,-9.566505,-0.995414
-1.488336,-9.734003,-1.339981
-1.435694,-9.856036,-1.624727
-1.292124,-10.231709,-1.746760
-1.115055,-10.655239,-1.859223
-0.914058,-11.014162,-1.698904
-0.677169,-11.076375,-1.478764
-0.605384,-10.590633,-0.978664
-0.937986,-10.011569,-0.803988
-1.450050,-9.418150,-0.531207
-1.567299,-8.807980,-0.442672
-1.887937,-8.422735,-0.519243
-2.194218,-8.843873,-0.150748
-2.182254,-9.745967,0.605384
-1.531406,-10.317852,1.897508
-0.945165,-10.327423,3.318845
-0.885344,-9.140583,6.178268
-2.076970,-8.408379,11.796617
-3.814159,-8.405986,19.130617
-6.065805,-8.705089,26.467010
-5.127820,-14.751752,34.258041
-1.246661,-18.223738,33.274590
2.457429,-20.908484,32.571102
5.359922,-21.116659,30.151958
7.197611,-20.633310,27.751959
7.893922,-20.104498,24.880569
8.295916,-19.231115,22.147966
7.111469,-18.084953,17.862421
4.756931,-15.806986,10.009177
4.283153,-12.011970,2.605784
4.309474,-7.673782,-4.876573
2.806781,-10.382458,-12.818351
2.000400,-13.316057,-18.491734
2.548356,-13.572090,-18.412771
3.431308,-17.111074,-19.618752
5.726025,-17.855244,-20.642881
7.405786,-15.227923,-22.049860
7.444071,-11.217552,-22.760530
6.793223,-7.700103,-22.588247
5.709275,-5.599205,-21.480368
4.630112,-4.828716,-19.642681
4.010371,-4.888536,-17.651854
3.728018,-5.419744,-15.814165
3.622734,-6.506085,-14.431112
2.141576,-9.688539,-12.607781
2.141576,-9.688539,-12.607781
-1.421337,-11.274981,-11.385050
-2.234896,-10.140782,-10.085747
-2.538785,-9.166903,-8.812766
-2.775674,-8.654840,-7.951349
-2.900101,-8.542377,-6.975078
-2.957529,-8.688338,-5.838487
-2.940779,-9.205189,-4.938786
-2.782853,-9.743573,-4.390830
-2.873780,-10.552348,-3.857230
-2.859423,-10.774881,-3.316452
-2.780460,-10.234102,-2.811567
-2.940779,-9.860823,-2.868994
-2.849852,-9.497113,-2.711068
-2.730211,-9.269794,-2.478964
-2.629712,-9.095119,-2.122434
-2.612962,-9.159724,-1.856830
-2.663212,-9.454042,-1.689333
-2.677568,-9.724431,-1.567299
-2.691926,-9.669396,-1.380659
-2.684747,-9.116654,-1.095913
-2.734996,-8.817552,-1.222732
-2.797210,-8.915657,-1.316052
-2.861816,-9.171689,-1.349552
-2.962314,-9.659825,-1.349552
-3.172883,-10.760524,-1.328017
-3.172883,-10.760524,-1.162912
-3.383451,-10.655239,-0.794417
-3.285345,-10.119246,-0.693919
-3.177669,-9.856036,-0.619741
-3.184847,-9.803394,-0.689133
-3.156133,-9.719646,-0.665205
-3.046063,-9.602397,-0.550349
-2.991028,-9.509077,-0.464208
-2.847459,-9.614362,-0.256032
-2.751746,-9.839286,0.026321
-2.644069,-9.901501,0.382852
-2.596212,-9.662218,0.253639
-2.457429,-9.480364,0.057428
-2.371287,-9.346365,-0.210568
-2.268396,-9.351151,-0.232104
-2.400001,-9.420543,-0.102891
-2.510071,-9.669396,-0.229711
-2.481357,-9.994821,-0.167498
-2.574677,-10.155140,-0.009571
-2.644069,-10.030712,0.105284
-2.866602,-9.614362,-0.045464
-3.000600,-9.095119,-0.308674
-2.955136,-8.810372,-0.512064
-2.909672,-8.781659,-0.655633
-2.983850,-8.824730,-0.708275
-3.048456,-8.836694,-0.392423
-3.120241,-8.819944,-0.495314
-3.098706,-8.855836,-0.629312
-3.043670,-8.939585,-0.756132
-3.007778,-9.037691,-0.792024
-3.089134,-9.054441,-0.744168
-3.177669,-9.138189,-0.710668
-3.132205,-9.312866,-0.713061
-2.998207,-9.518648,-0.748954
-3.105884,-9.774680,-0.689133
-3.311667,-10.133603,-0.792024
-3.349952,-10.140782,-0.801596
-3.273381,-9.978070,-1.024128
-3.218346,-9.501899,-0.971486
-3.148954,-9.226725,-1.052842
-3.225525,-9.121440,-0.725025
-3.457629,-9.150154,-0.239282
-3.282953,-9.339187,0.086142
-1.060020,-8.886944,-0.425922
-2.727818,-10.325029,0.485743
-3.141776,-9.607183,0.366102
-2.950350,-10.566705,0.172283
-2.325824,-9.253045,0.315853
-2.553142,-9.358330,0.153141
-2.402394,-8.853443,0.334995
-3.079563,-9.308081,0.019143
-3.014957,-10.210175,-0.189033
-2.586641,-10.013963,-0.555135
-3.141776,-10.339387,-0.679562
-2.653640,-9.956534,-0.564706
-1.624727,-9.226725,-0.763310
-2.866602,-9.190832,-0.693919
-2.746960,-9.109475,-0.533599
-2.356930,-9.190832,-0.667598
-2.455036,-9.470792,-0.748954
-2.445465,-9.688539,-0.725025
-2.545963,-9.619147,-0.547956
-2.744568,-9.705289,-0.124427
-2.725425,-9.736395,-0.016750
-3.436093,-9.214760,-0.162712
-3.546163,-9.056834,-0.026321
-2.739782,-9.107083,-0.040678
-1.952543,-9.360723,-0.200997
-1.921437,-9.245867,-0.098106
-3.046063,-9.104690,-0.016750
-3.550949,-8.590233,-0.043071
-3.460021,-8.597411,-0.299103
-3.376273,-9.080762,-0.275175
-3.723232,-9.547362,-0.232104
-3.902694,-9.217153,-0.131605
-2.395216,-9.399008,-0.251246
-2.395216,-9.399008,-0.088534
-2.017149,-9.556933,-0.418744
-2.818745,-9.329616,-0.351745
-3.292524,-9.205189,-0.430708
-3.067599,-9.212367,-0.122034
-2.706282,-9.353544,-0.165105
-2.742175,-8.762517,0.174676
-2.742175,-8.762517,0.174676
-2.354537,-8.807980,-0.040678
-2.237289,-9.126225,-0.122034
-1.746760,-8.973085,-0.289532
-1.820938,-9.341579,-0.131605
-2.024328,-9.434900,0.081356
-2.952743,-9.724431,-0.045464
-3.850052,-8.810372,0.119641
-4.017549,-9.188439,-0.366102
-3.014957,-9.413363,-0.366102
-3.034099,-9.932607,-0.248854
-2.136791,-10.861022,0.339781
-2.816352,-10.583455,-0.337388
-3.491128,-9.702895,-0.301496
-3.036492,-9.360723,-0.186640
-2.519642,-9.851252,-0.071785
-2.644069,-9.320045,-0.023928
-2.644069,-9.320045,-0.023928
-2.450250,-9.162118,0.222532
-2.500499,-9.102298,0.244068
-2.512464,-9.267403,0.229711
-2.414358,-9.516255,-0.189033
-3.105884,-9.710074,0.009571
-2.366502,-9.841680,0.009571
-2.227718,-10.286745,0.112463
-2.462214,-10.088140,0.105284
-2.392823,-9.549755,0.076570
-2.493321,-9.444471,0.136391
-2.411965,-9.296116,0.050249
-2.371287,-9.595219,-0.038285
-2.263610,-9.772287,-0.016750
-2.404787,-9.913465,0.133998
-2.600998,-9.997212,0.083749
-2.670390,-10.092925,-0.057428
-2.648855,-9.757930,-0.196211
-2.687140,-9.238688,-0.100499
-2.718246,-8.963513,-0.155533
-2.639283,-8.858230,-0.179462
-2.651247,-8.961121,-0.193819
-2.543570,-9.066404,-0.198604
-2.428715,-9.499505,-0.105284
-2.428715,-9.499505,-0.105284
-2.526821,-9.858429,-0.308674
-2.505285,-10.025927,-0.263210
-2.486143,-9.731609,-0.126820
-2.591427,-9.305687,-0.215354
-2.598605,-10.258030,-0.385244
-2.237289,-9.343972,-0.708275
-2.519642,-8.831908,-0.157926
-2.732604,-8.317451,-0.423530
-2.522035,-8.752945,-0.399601
-2.112862,-9.511470,0.014357
-2.115255,-9.963714,0.040678
-2.565106,-9.683753,-0.157926
-2.581856,-9.659825,-0.215354
-2.242075,-9.454042,-0.043071
