-2.754139,-9.305687,1.282553
-2.663212,-9.351151,1.282553
-2.849852,-9.159724,1.055235
-2.964707,-9.044869,0.993021
-3.012564,-9.176475,0.935594
-2.885744,-9.281759,0.993021
-2.746960,-9.288938,0.861416
-2.593820,-9.372685,0.689133
-2.773281,-10.078569,0.339781
-3.022135,-9.540184,0.502493
-2.787638,-9.645468,0.662812
-2.711068,-9.552148,0.598206
-2.854637,-9.583255,0.559920
-2.845066,-9.370294,0.533599
-2.835495,-9.523434,0.557528
-2.758924,-9.626326,0.559920
-2.615355,-9.734003,0.600598
-2.318645,-9.619147,0.617348
-2.318645,-9.602397,0.526421
-2.318645,-9.588040,0.504886
-2.299503,-9.446864,0.311067
-2.242075,-9.635897,0.157926
-2.048256,-9.879964,0.009571
-1.823331,-9.891929,-0.095713
-1.775474,-9.846465,-0.337388
-1.804188,-9.647861,-0.514457
-1.782653,-9.437292,-0.703490
-1.818545,-9.446864,-0.911665
-1.907080,-9.554541,-1.119841
-2.230111,-9.856036,-1.237089
-2.481357,-10.179067,-1.311267
-2.431108,-10.549955,-1.351945
-2.337788,-10.930414,-1.395016
-2.182254,-10.987842,-1.390230
-1.832902,-10.633704,-1.272982
-1.548156,-10.205389,-1.493121
-1.418944,-10.071390,-1.631905
-1.328017,-9.980463,-1.816152
-1.605584,-9.944571,-2.110470
-2.060220,-9.970891,-2.292324
-2.584249,-10.119246,-2.524428
-3.053242,-10.640882,-3.055635
-3.053242,-10.640882,-3.055635
-2.545963,-10.813165,-3.627519
-2.560320,-10.700702,-3.732803
-2.627320,-10.537991,-3.852444
-2.557927,-10.468598,-3.701697
-2.452643,-10.478169,-3.553342
-2.467000,-10.566705,-3.393023
-2.409572,-10.518847,-3.077170
-2.273181,-10.571491,-2.754139
-2.024328,-10.068997,-2.455036
-1.947758,-9.456435,-2.012364
-1.856830,-8.676375,-1.734797
-1.746760,-7.800602,-1.414158
-1.686940,-7.317252,-1.301696
-1.689333,-7.276574,-1.232304
-1.682154,-7.934600,-1.036092
-1.629512,-9.135797,-0.823131
-1.229911,-10.057034,-0.533599
-1.014557,-10.439885,-0.112463
-1.179662,-10.384850,0.251246
-1.182054,-10.214959,0.669990
-1.215554,-9.095119,0.887737
-1.505085,-8.724231,1.210768
-1.730011,-8.504091,1.555335
-1.820938,-8.681160,1.782653
-1.354338,-9.896714,2.151148
-1.354338,-9.896714,2.151148
-0.873380,-9.968499,2.701497
-0.768096,-9.135797,2.916851
-0.859023,-7.944171,3.424129
-1.083949,-7.075576,3.766303
-1.234696,-7.168896,3.924229
-1.155733,-8.384450,3.802195
-0.672383,-10.241282,3.682554
-0.129212,-11.018949,3.641876
-0.423530,-12.729815,3.292524
-0.674776,-12.586248,3.069991
-1.079163,-10.992627,3.101098
-1.564906,-10.116854,3.005385
-1.502693,-9.040084,2.751746
-1.392623,-8.506484,2.636890
-1.418944,-8.731410,2.656033
-1.323231,-9.384650,2.352145
-1.138984,-10.214959,2.268396
-1.198804,-10.868200,2.017149
-1.426122,-11.114661,1.612763
-1.383051,-11.030912,1.208375
-1.368695,-10.765309,0.918844
-1.445265,-10.399208,0.844666
-1.397408,-9.942179,0.634098
-1.397408,-9.942179,0.634098
-1.323231,-9.978070,0.672383
-1.160519,-9.891929,0.500100
-1.019342,-9.901501,0.337388
-1.002593,-10.171888,0.165105
-1.055235,-10.418350,0.107677
-1.009771,-10.518847,-0.107677
-1.024128,-10.638489,-0.157926
-1.110270,-10.729417,-0.208176
-1.081556,-10.887343,-0.342174
-0.918844,-10.980663,-0.401994
-0.890130,-11.054840,-0.325424
-1.050449,-10.767702,-0.272782
-1.239482,-10.396815,-0.299103
-1.205983,-9.887143,-0.284746
-1.201197,-9.549755,-0.279960
-1.296910,-9.396614,-0.358923
-1.210768,-9.389436,-0.332602
-1.150948,-9.726824,-0.248854
-1.213161,-10.246067,-0.294317
-1.134198,-10.286745,-1.249053
-1.048056,-10.159925,-1.686940
-0.885344,-11.444871,-0.318245
-1.179662,-10.016356,-1.115055
-1.237089,-9.686146,-0.631705
-1.191626,-8.987441,-0.215354
-1.191626,-8.987441,-0.215354
-1.016950,-8.367701,0.248854
-1.368695,-8.894121,0.320638
-1.172483,-9.425328,0.327817
-0.928415,-9.985250,0.291924
-0.983450,-10.518847,0.112463
-1.521835,-11.021341,0.028714
-0.835095,-10.875379,0.040678
-1.138984,-10.703095,-0.346959
-1.564906,-10.274779,-0.028714
-1.842474,-9.853643,0.047856
-1.792224,-8.944371,0.179462
-1.677369,-8.590233,0.143569
-1.564906,-8.877372,0.267996
-1.344766,-9.212367,0.370888
-1.366302,-9.353544,0.320638
-1.210768,-9.571291,0.416351
-1.380659,-10.088140,0.346959
-1.296910,-10.286745,0.224925
-1.141376,-10.353743,0.102891
-1.318445,-10.126426,-0.117248
-1.356731,-9.930215,-0.119641
-1.332802,-9.695717,-0.083749
-1.442872,-9.671788,-0.107677
-1.392623,-9.451650,0.066999
-1.423729,-9.552148,-0.069392
-1.208375,-9.576077,-0.035892
-1.454836,-9.253045,-0.279960
-1.174876,-9.707682,-0.387637
-1.201197,-9.911072,-0.275175
-1.093520,-10.061819,-0.215354
-1.002593,-10.035499,-0.141177
-1.057628,-10.006784,-0.002393
-1.263410,-9.990034,0.050249
-1.227518,-9.973285,0.107677
-1.165305,-9.882358,0.119641
-1.246661,-9.559326,0.155533
-1.251446,-9.303294,0.172283
-1.306481,-9.198010,0.126820
-1.325624,-9.267403,0.095713
-1.430908,-9.566505,0.035892
-1.383051,-9.784252,-0.002393
-1.426122,-9.808180,-0.169890
-1.517050,-10.231709,-0.157926
-1.371087,-10.327423,-0.229711
-1.196411,-10.516455,-0.035892
-1.249053,-10.420743,0.019143
-1.270589,-10.128819,0.155533
-1.313660,-9.798609,0.062213
-1.416551,-9.611969,-0.035892
-1.416551,-9.611969,-0.035892
-1.447658,-9.851252,-0.052642
-1.512264,-10.047462,0.007178
-1.418944,-10.021141,-0.177069
-1.531406,-10.272388,-0.138784
-1.529014,-10.329816,0.016750
-1.459622,-10.514063,0.040678
-1.390230,-10.179067,0.093320
-1.270589,-9.851252,-0.059821
-1.244268,-9.583255,-0.122034
-1.787439,-9.183653,-0.126820
-1.160519,-9.540184,0.217747
-1.933401,-9.296116,-0.301496
-2.249253,-9.549755,-0.229711
-1.914258,-9.518648,-0.413958
-1.306481,-10.030712,-0.488136
-1.311267,-10.380065,-0.550349
-1.610370,-10.624132,-0.591027
-1.576870,-10.377672,-0.595813
-1.383051,-10.169496,-0.650848
-1.371087,-9.743573,-0.535992
-1.552942,-9.341579,-0.483350
-1.600798,-8.968300,-0.368495
-1.521835,-8.886944,-0.375673
-1.416551,-9.078369,-0.378066
-1.488336,-9.425328,-0.229711
-1.469193,-9.796216,-0.177069
-1.351945,-10.047462,-0.256032
-1.323231,-9.973285,-0.222532
-1.282553,-9.789038,-0.215354
-1.246661,-9.566505,-0.102891
-1.237089,-9.353544,0.090927
-1.270589,-9.317651,0.169890
-1.253839,-9.169296,0.234497
-1.339981,-9.056834,0.277567
-1.416551,-9.102298,0.162712
-1.433301,-9.286544,0.203390
-1.383051,-9.499505,0.177069
-1.426122,-9.628718,0.124427
-1.366302,-9.707682,0.102891
-1.385444,-9.745967,0.050249
-1.414158,-9.638289,0.059821
-1.392623,-9.607183,0.062213
-1.536192,-9.513863,-0.052642
-1.557728,-9.480364,-0.021535
-1.493121,-9.537791,-0.050249
-1.488336,-9.645468,-0.100499
-1.395016,-9.611969,-0.102891
-1.435694,-9.645468,-0.167498
-1.469193,-9.769895,-0.160319
-1.469193,-9.769895,-0.160319
-1.493121,-9.712467,-0.229711
-1.507478,-9.702895,-0.229711
-1.682154,-9.554541,-0.193819
-1.471586,-9.387043,-0.512064
-1.258625,-9.564112,-0.978664
-1.962115,-9.614362,-0.811167
-1.974079,-9.973285,-0.610170
-1.916651,-10.068997,-0.244068
-1.744368,-10.071390,-0.224925
-1.615155,-9.944571,-0.102891
-1.287339,-9.690931,-0.021535
-1.378266,-9.769895,-0.014357
-1.466800,-10.258030,-0.093320
-1.483550,-10.028319,-0.148355
-1.430908,-9.729217,-0.265603
-1.406980,-9.442079,-0.373280
-1.395016,-9.865608,-0.399601
-1.395016,-9.865608,-0.399601
-1.366302,-10.236496,-0.373280
-1.366302,-10.236496,-0.373280
-1.268196,-10.389636,-0.327817
-1.268196,-10.389636,-0.327817
-1.368695,-10.478169,-0.514457
-1.368695,-10.478169,-0.514457
-1.416551,-10.394422,-0.713061
-1.416551,-10.394422,-0.713061
-1.442872,-10.518847,-0.914058
-1.442872,-10.518847,-0.914058
-1.418944,-10.588240,-1.071985
-1.418944,-10.588240,-1.071985
-1.411765,-10.609775,-1.131805
-1.411765,-10.609775,-1.131805
-1.550549,-10.487741,-1.256232
-1.550549,-10.487741,-1.256232
-1.629512,-10.296316,-1.335195
-1.629512,-10.296316,-1.335195
-1.409373,-10.112068,-1.514657
-1.409373,-10.112068,-1.514657
-1.512264,-10.109675,-1.569692
-1.512264,-10.109675,-1.569692
-1.512264,-10.231709,-1.395016
-1.512264,-10.231709,-1.395016
-1.325624,-10.291530,-1.361516
-1.325624,-10.291530,-1.361516
-1.351945,-10.198210,-1.428515
-1.351945,-10.198210,-1.428515
-1.409373,-10.212566,-1.323231
-1.409373,-10.212566,-1.323231
-1.471586,-10.155140,-1.313660
-1.471586,-10.155140,-1.313660
-1.416551,-9.975677,-1.337588
-1.416551,-9.975677,-1.337588
-1.316052,-10.102496,-1.445265
-1.316052,-10.102496,-1.445265
-1.239482,-10.085747,-1.433301
-1.239482,-10.085747,-1.433301
-1.447658,-10.368099,-1.426122
-1.447658,-10.368099,-1.426122
-1.493121,-10.566705,-1.330409
-1.493121,-10.566705,-1.330409
-1.342373,-10.490135,-1.048056
-1.342373,-10.490135,-1.048056
-1.316052,-9.978070,-0.849452
-1.316052,-9.978070,-0.849452
-1.373480,-9.367901,-0.658026
-1.373480,-9.367901,-0.658026
-1.497907,-8.757731,-0.452243
-1.497907,-8.757731,-0.452243
-1.562513,-8.396415,-0.375673
-1.562513,-8.396415,-0.375673
-1.550549,-8.561519,-0.311067
-1.550549,-8.561519,-0.311067
-1.378266,-8.930015,-0.277567
-1.378266,-8.930015,-0.277567
-1.064806,-9.262616,-0.138784
-1.064806,-9.262616,-0.138784
-0.942772,-9.317651,0.059821
-0.942772,-9.317651,0.059821
-0.985843,-9.353544,0.275175
-0.985843,-9.353544,0.275175
-1.083949,-9.250652,0.519243
-1.083949,-9.250652,0.519243
-1.083949,-9.250652,0.519243
-1.083949,-9.250652,0.519243
-1.086342,-8.930015,0.782453
-1.086342,-8.930015,0.782453
-1.043271,-8.362915,0.818345
-1.043271,-8.362915,0.818345
-0.856631,-7.905886,1.184447
-0.856631,-7.905886,1.184447
-1.012164,-8.061419,1.430908
-1.012164,-8.061419,1.430908
-0.928415,-8.264810,1.598405
-0.928415,-8.264810,1.598405
-0.830309,-8.539984,1.584049
-0.830309,-8.539984,1.584049
-0.567099,-8.087741,1.150948
-0.567099,-8.087741,1.150948
-0.318245,-7.688138,0.854238
-0.318245,-7.688138,0.854238
-0.296710,-7.513463,0.660419
-0.296710,-7.513463,0.660419
-0.440279,-8.164310,0.813560
-0.440279,-8.164310,0.813560
-0.555135,-9.427721,0.978664
-0.555135,-9.427721,0.978664
-0.500100,-10.959127,1.567299
-0.500100,-10.959127,1.567299
-0.784846,-11.600404,1.919044
-0.784846,-11.600404,1.919044
-1.351945,-12.650853,1.847259
-1.351945,-12.650853,1.847259
-1.445265,-12.335001,1.959722
-1.445265,-12.335001,1.959722
-1.222732,-11.119448,2.029114
-1.222732,-11.119448,2.029114
-1.672583,-10.573883,1.198804
-1.672583,-10.573883,1.198804
-1.706082,-9.061620,1.110270
-1.706082,-9.061620,1.110270
-1.952543,-8.729016,1.354338
-1.952543,-8.729016,1.354338
-2.660819,-9.872787,2.639283
-2.660819,-9.872787,2.639283
-3.208775,-11.215159,4.979464
-3.208775,-11.215159,4.979464
-3.955336,-12.983455,8.212167
-3.955336,-12.983455,8.212167
-5.082355,-14.251652,13.524234
-5.082355,-14.251652,13.524234
-6.740582,-14.993427,19.922640
-6.740582,-14.993427,19.922640
-8.286345,-15.117853,26.711079
-8.286345,-15.117853,26.711079
-7.432107,-13.591233,29.503504
-7.432107,-13.591233,29.503504
-0.641276,-14.763715,30.130423
-0.641276,-14.763715,30.130423
-0.641276,-14.763715,30.192636
-0.641276,-14.763715,30.192636
2.584249,-18.321842,31.953753
2.584249,-18.321842,31.953753
4.706682,-18.960728,34.080971
4.706682,-18.960728,34.080971
5.639884,-16.031912,33.341591
5.639884,-16.031912,33.341591
6.285945,-13.478769,28.634909
6.285945,-13.478769,28.634909
6.867401,-10.435099,20.796022
6.867401,-10.435099,20.796022
7.472785,-8.571091,14.304294
7.472785,-8.571091,14.304294
6.922436,-8.918050,2.608176
6.922436,-8.918050,2.608176
7.228717,-13.119846,-4.469792
7.228717,-13.119846,-4.469792
7.166504,-17.103895,-9.111869
7.166504,-17.103895,-9.111869
6.826723,-19.877178,-11.715261
6.826723,-19.877178,-11.715261
7.893922,-21.001806,-16.622938
7.893922,-21.001806,-16.622938
11.191232,-20.039888,-21.061625
11.191232,-20.039888,-21.061625
12.167502,-16.125233,-26.057837
12.167502,-16.125233,-26.057837
11.760723,-10.870593,-29.675789
11.760723,-10.870593,-29.675789
12.052648,-5.647062,-29.785856
12.052648,-5.647062,-29.785856
12.021541,-3.067599,-27.790239
12.021541,-3.067599,-27.790239
11.760723,-3.728018,-25.842484
11.760723,-3.728018,-25.842484
11.772687,-4.780859,-22.827528
11.772687,-4.780859,-22.827528
11.050055,-7.783852,-19.276579
11.050055,-7.783852,-19.276579
9.370294,-8.807980,-18.891335
9.370294,-8.807980,-18.891335
4.867002,-12.162716,-17.804993
4.867002,-12.162716,-17.804993
4.867002,-12.162716,-17.804993
4.867002,-12.162716,-17.804993
2.105684,-10.669596,-15.993626
2.105684,-10.669596,-15.993626
-0.576670,-7.690532,-13.911870
-0.576670,-7.690532,-13.911870
-8.429914,-5.855237,-12.100503
-8.429914,-5.855237,-12.100503
-7.702496,-4.859823,-11.097912
-7.702496,-4.859823,-11.097912
-3.500700,-5.192425,-10.011569
-3.500700,-5.192425,-10.011569
-2.170290,-5.704489,-9.004191
-2.170290,-5.704489,-9.004191
-3.522235,-6.994221,-7.585248
-3.522235,-6.994221,-7.585248
-4.560720,-9.279366,-6.388836
-4.560720,-9.279366,-6.388836
-3.273381,-10.305886,-4.252046
-3.273381,-10.305886,-4.252046
-1.732404,-10.332209,-3.254239
-1.732404,-10.332209,-3.254239
-1.351945,-10.076177,-2.921637
-1.351945,-10.076177,-2.921637
-1.770689,-9.868000,-3.041277
-1.770689,-9.868000,-3.041277
-2.096112,-9.990034,-2.880959
-2.096112,-9.990034,-2.880959
-2.344966,-9.889536,-2.603391
-2.344966,-9.889536,-2.603391
-2.672783,-9.930215,-2.598605
-2.672783,-9.930215,-2.598605
-2.833102,-9.863215,-2.232504
-2.833102,-9.863215,-2.232504
-2.995814,-9.846465,-2.191825
-2.995814,-9.846465,-2.191825
-2.952743,-9.214760,-1.483550
-2.952743,-9.214760,-1.483550
-3.115455,-8.492127,-1.758725
-3.115455,-8.492127,-1.758725
-2.974278,-8.181061,-2.031506
-2.974278,-8.181061,-2.031506
-2.708675,-8.295916,-1.988436
-2.708675,-8.295916,-1.988436
-2.744568,-8.846266,-1.871187
-2.744568,-8.846266,-1.871187
-2.770889,-9.521042,-1.586441
-2.770889,-9.521042,-1.586441
-2.792424,-10.327423,-1.414158
-2.792424,-10.327423,-1.414158
-2.825923,-11.040483,-1.138984
-2.825923,-11.040483,-1.138984
-2.847459,-11.265409,-0.770489
-2.847459,-11.265409,-0.770489
-2.945565,-11.083554,-0.545564
-2.945565,-11.083554,-0.545564
-3.072384,-10.526026,-0.698704
-3.072384,-10.526026,-0.698704
-2.912065,-8.635696,-1.067199
-2.912065,-8.635696,-1.067199
-2.928815,-8.439486,-1.287339
-2.928815,-8.439486,-1.287339
-2.991028,-8.556733,-1.045663
-2.991028,-8.556733,-1.045663
-3.141776,-8.927622,-1.000200
-3.141776,-8.927622,-1.000200
-3.074777,-9.489935,-1.024128
-3.074777,-9.489935,-1.024128
-2.976671,-9.853643,-0.978664
-2.976671,-9.853643,-0.978664
-2.833102,-9.851252,-0.918844
-2.833102,-9.851252,-0.918844
-2.727818,-9.808180,-0.866202
-2.727818,-9.808180,-0.866202
-2.720639,-9.466006,-0.878166
-2.720639,-9.466006,-0.878166
-2.711068,-9.293723,-1.186840
-2.711068,-9.293723,-1.186840
-2.639283,-9.080762,-1.275374
-2.639283,-9.080762,-1.275374
-2.734996,-9.178867,-1.375873
-2.734996,-9.178867,-1.375873
-2.928815,-9.645468,-1.299303
-2.928815,-9.645468,-1.299303
-3.060420,-10.171888,-0.914058
-3.060420,-10.171888,-0.914058
-3.050849,-10.671989,-0.717847
-3.050849,-10.671989,-0.717847
-3.022135,-11.164910,-0.732204
-3.022135,-11.164910,-0.732204
-2.986243,-11.117055,-0.756132
-2.986243,-11.117055,-0.756132
-2.955136,-10.566705,-0.775275
-2.955136,-10.566705,-0.775275
-2.909672,-9.729217,-0.827917
-2.909672,-9.729217,-0.827917
-2.976671,-8.745767,-1.007378
-2.976671,-8.745767,-1.007378
-3.074777,-8.248059,-1.110270
-3.074777,-8.248059,-1.110270
-3.043670,-7.865208,-0.966700
-3.043670,-7.865208,-0.966700
-3.268596,-8.020741,-0.674776
-3.268596,-8.020741,-0.674776
-3.381058,-8.317451,-0.284746
-3.381058,-8.317451,-0.284746
-3.175276,-9.308081,0.016750
-3.175276,-9.308081,0.016750
-3.175276,-9.308081,-0.083749
-3.175276,-9.308081,-0.083749
-2.816352,-9.616754,0.086142
-2.816352,-9.616754,0.086142
-2.766103,-9.439686,0.021535
-2.766103,-9.439686,0.021535
-2.732604,-9.360723,-0.095713
-2.732604,-9.360723,-0.095713
-2.727818,-9.461221,-0.217747
-2.727818,-9.461221,-0.217747
-2.873780,-9.705289,-0.311067
-2.873780,-9.705289,-0.311067
-2.928815,-9.944571,-0.172283
-2.928815,-9.944571,-0.172283
-2.979064,-10.033106,-0.059821
-2.979064,-10.033106,-0.059821
-3.029313,-9.946963,0.112463
-3.029313,-9.946963,0.112463
-3.048456,-9.619147,-0.028714
-3.048456,-9.619147,-0.028714
-2.998207,-9.123833,0.002393
-2.998207,-9.123833,0.002393
-3.012564,-8.568698,-0.196211
-3.012564,-8.568698,-0.196211
-2.967100,-8.274381,-0.265603
-2.967100,-8.274381,-0.265603
-2.914458,-8.288737,-0.320638
-2.914458,-8.288737,-0.320638
-2.014757,-9.293723,-0.863809
-2.014757,-9.293723,-0.863809
-3.467200,-8.915657,0.588634
-3.467200,-8.915657,0.588634
-4.110869,-10.554741,-0.636491
-4.110869,-10.554741,-0.636491
-2.318645,-9.209974,0.014357
-2.318645,-9.209974,0.014357
-2.888137,-9.233903,-0.330210
-2.888137,-9.233903,-0.330210
-3.491128,-9.894321,0.023928
-3.491128,-9.894321,0.023928
-3.024528,-9.195618,0.112463
-3.024528,-9.195618,0.112463
-2.775674,-8.805587,0.131605
-2.775674,-8.805587,0.131605
-2.861816,-9.178867,-0.064606
-2.861816,-9.178867,-0.064606
-3.125026,-9.341579,-0.138784
-3.125026,-9.341579,-0.138784
-2.940779,-9.207582,0.055035
-2.940779,-9.207582,0.055035
-2.837888,-9.432507,0.090927
-2.837888,-9.432507,0.090927
-2.950350,-9.724431,0.136391
-2.950350,-9.724431,0.136391
-2.885744,-9.808180,0.174676
-2.885744,-9.808180,0.174676
-2.615355,-10.372886,-0.234497
-2.615355,-10.372886,-0.234497
-2.376073,-10.834702,0.531207
-2.376073,-10.834702,0.531207
-3.287738,-11.085947,0.545564
-3.287738,-11.085947,0.545564
-2.672783,-10.083356,0.562313
-2.672783,-10.083356,0.562313
-2.916851,-8.391629,0.358923
-2.916851,-8.391629,0.358923
-3.462414,-8.003991,0.215354
-3.462414,-8.003991,0.215354
-3.574877,-8.965906,0.246461
-3.574877,-8.965906,0.246461
-3.433701,-9.987641,0.172283
-3.433701,-9.987641,0.172283
-2.522035,-10.961520,0.198604
-2.522035,-10.961520,0.198604
-1.615155,-10.863414,0.299103
-1.615155,-10.863414,0.299103
-2.112862,-10.097712,0.203390
-2.112862,-10.097712,0.203390
-2.857030,-9.801002,0.583849
-2.857030,-9.801002,0.583849
-2.744568,-9.501899,0.899701
-2.744568,-9.501899,0.899701
-2.718246,-9.576077,1.050449
-2.718246,-9.576077,1.050449
-2.732604,-8.738588,0.641276
-2.732604,-8.738588,0.641276
-3.239882,-8.659625,0.701097
-3.239882,-8.659625,0.701097
-2.890530,-8.056634,0.854238
-2.890530,-8.056634,0.854238
-2.282753,-9.186047,1.220340
-2.282753,-9.186047,1.220340
-1.758725,-9.973285,1.045663
-1.758725,-9.973285,1.045663
-1.730011,-10.088140,1.162912
-1.730011,-10.088140,1.162912
-2.220540,-9.887143,1.308874
-2.220540,-9.887143,1.308874
-2.524428,-9.312866,0.976272
-2.524428,-9.312866,0.976272
-2.524428,-9.312866,0.976272
-2.524428,-9.312866,0.976272
-2.596212,-9.131011,1.136591
-2.596212,-9.131011,1.136591
-2.407180,-8.623734,1.229911
-2.407180,-8.623734,1.229911
-2.933600,-9.075976,0.684347
-2.933600,-9.075976,0.684347
-2.744568,-8.654840,0.983450
-2.744568,-8.654840,0.983450
-2.859423,-8.994620,0.990629
-2.859423,-8.994620,0.990629
-2.919244,-9.506684,0.684347
-2.919244,-9.506684,0.684347
-2.620141,-9.549755,1.076770
-2.620141,-9.549755,1.076770
-2.916851,-9.561719,0.997807
-2.916851,-9.561719,0.997807
-2.641676,-9.233903,0.765703
-2.641676,-9.233903,0.765703
-2.347359,-9.377472,0.760918
-2.347359,-9.377472,0.760918
-1.935793,-9.415757,0.581456
-1.935793,-9.415757,0.581456
-1.787439,-9.109475,0.789631
-1.787439,-9.109475,0.789631
-1.787439,-9.109475,0.789631
-1.787439,-9.109475,0.789631
-2.227718,-9.138189,0.835095
-2.227718,-9.138189,0.835095
-2.964707,-8.800802,1.141376
-2.964707,-8.800802,1.141376
-3.416951,-8.705089,1.320838
-3.416951,-8.705089,1.320838
-3.048456,-8.994620,1.440479
-3.048456,-8.994620,1.440479
-3.227918,-10.088140,1.387837
-3.227918,-10.088140,1.387837
-3.105884,-9.901501,0.918844
-3.105884,-9.901501,0.918844
-3.261417,-9.454042,0.052642
-3.261417,-9.454042,0.052642
-1.428515,-7.994420,0.368495
-1.428515,-7.994420,0.368495
-1.428515,-7.994420,0.368495
-1.428515,-7.994420,0.368495
-1.897508,-8.453842,1.134198
-1.897508,-8.453842,1.134198
-3.034099,-9.068797,0.854238
-3.034099,-9.068797,0.854238
-3.158526,-9.521042,0.658026
-3.158526,-9.521042,0.658026
-2.148755,-9.370294,0.380459
-2.148755,-9.370294,0.380459
-2.385644,-9.714860,0.033500
-2.385644,-9.714860,0.033500
-2.818745,-9.621540,-0.172283
-2.818745,-9.621540,-0.172283
-2.782853,-9.638289,-0.330210
-2.782853,-9.638289,-0.330210
-2.708675,-9.657433,-0.179462
-2.708675,-9.657433,-0.179462
-2.634498,-9.997212,-0.014357
-2.634498,-9.997212,-0.014357
-2.512464,-10.159925,-0.031107
-2.512464,-10.159925,-0.031107
-2.490928,-9.786645,-0.004786
-2.490928,-9.786645,-0.004786
-2.579463,-9.401401,0.064606
-2.579463,-9.401401,0.064606
-2.622534,-9.111869,0.112463
-2.622534,-9.111869,0.112463
-2.577070,-8.918050,0.098106
-2.577070,-8.918050,0.098106
-2.519642,-8.961121,0.196211
-2.519642,-8.961121,0.196211
-2.526821,-9.056834,0.327817
-2.526821,-9.056834,0.327817
-2.493321,-9.214760,0.390030
-2.493321,-9.214760,0.390030
-2.366502,-9.590433,0.480957
-2.366502,-9.590433,0.480957
-2.318645,-9.891929,0.641276
-2.318645,-9.891929,0.641276
-2.258825,-10.080962,0.708275
-2.258825,-10.080962,0.708275
-2.268396,-10.238889,0.780060
-2.268396,-10.238889,0.780060
-2.330609,-9.956534,0.732204
-2.330609,-9.956534,0.732204
-2.395216,-9.712467,0.686740
-2.395216,-9.712467,0.686740
-2.493321,-9.296116,0.629312
-2.493321,-9.296116,0.629312
-2.605784,-9.131011,0.591027
-2.605784,-9.131011,0.591027
-2.620141,-9.231510,0.760918
-2.620141,-9.231510,0.760918
-2.517249,-9.571291,0.827917
-2.517249,-9.571291,0.827917
-2.517249,-9.571291,0.827917
-2.517249,-9.571291,0.827917
-2.342573,-9.865608,0.746561
-2.342573,-9.865608,0.746561
-2.306681,-9.958927,0.882952
-2.306681,-9.958927,0.882952
-2.266003,-9.891929,0.863809
-2.266003,-9.891929,0.863809
-2.287539,-9.863215,0.827917
-2.287539,-9.863215,0.827917
-2.299503,-9.884750,0.729811
-2.299503,-9.884750,0.729811
-2.435893,-9.863215,0.837488
-2.435893,-9.863215,0.837488
-2.536392,-9.743573,0.887737
-2.536392,-9.743573,0.887737
-2.624927,-9.614362,0.832702
-2.624927,-9.614362,0.832702
-2.612962,-9.480364,0.756132
-2.612962,-9.480364,0.756132
-2.567499,-9.449257,0.648455
-2.567499,-9.449257,0.648455
-2.658426,-9.425328,0.614955
-2.658426,-9.425328,0.614955
-2.672783,-9.468399,0.483350
-2.672783,-9.468399,0.483350
-2.617748,-9.595219,0.500100
-2.617748,-9.595219,0.500100
-2.591427,-9.798609,0.488136
-2.591427,-9.798609,0.488136
-2.505285,-9.753145,0.526421
-2.505285,-9.753145,0.526421
-2.400001,-9.738789,0.552742
-2.400001,-9.738789,0.552742
-2.356930,-9.609575,0.693919
-2.356930,-9.609575,0.693919
-2.354537,-9.533006,0.739382
-2.354537,-9.533006,0.739382
-2.378466,-9.427721,0.691526
-2.378466,-9.427721,0.691526
-2.818745,-9.281759,-0.605384
-2.818745,-9.281759,-0.605384
-1.844866,-9.707682,0.835095
-1.844866,-9.707682,0.835095
-2.249253,-9.485149,0.153141
-2.249253,-9.485149,0.153141
-2.428715,-9.755538,0.899701
-2.428715,-9.755538,0.899701
-2.543570,-9.267403,0.545564
-2.543570,-9.267403,0.545564
-2.407180,-9.475577,0.693919
-2.407180,-9.475577,0.693919
-2.287539,-9.683753,0.579063
-2.287539,-9.683753,0.579063
-2.438286,-9.731609,0.564706
-2.438286,-9.731609,0.564706
-2.471786,-9.736395,0.392423
-2.471786,-9.736395,0.392423
-2.557927,-9.801002,0.471386
-2.557927,-9.801002,0.471386
-1.770689,-9.463614,-0.066999
-1.593620,-8.671589,-0.540778
-1.636691,-9.260223,0.220140
-1.426122,-9.643075,0.227318
-1.069592,-10.191031,0.071785
-1.040878,-10.269995,-0.119641
-1.306481,-10.286745,-0.404387
-1.543371,-10.303494,-0.610170
-1.497907,-10.109675,-0.667598
-1.349552,-9.824929,-0.722632
-1.418944,-9.568897,-0.691526
-1.497907,-9.480364,-0.579063
-1.557728,-9.480364,-0.425922
-1.490728,-9.568897,-0.366102
-1.500300,-9.652647,-0.459422
-1.505085,-9.707682,-0.480957
-1.579263,-9.968499,-0.442672
-1.548156,-10.040283,-0.535992
-1.457229,-10.135997,-0.626920
-1.426122,-10.140782,-0.648455
-1.339981,-10.068997,-0.571885
-1.332802,-9.949356,-0.452243
-1.301696,-9.820145,-0.435494
-1.375873,-9.755538,-0.349352
-1.392623,-9.556933,-0.198604
-1.514657,-9.451650,-0.167498
-1.579263,-9.300901,-0.107677
-1.674976,-9.377472,-0.112463
-1.706082,-9.336794,-0.066999
-1.596013,-9.181261,-0.181855
-1.639083,-9.267403,-0.189033
-1.741975,-9.485149,-0.062213
-1.718047,-9.805787,0.260818
-1.526621,-10.124033,0.748954
-1.301696,-9.903893,0.957129
-1.134198,-9.616754,1.064806
-1.067199,-8.937192,1.198804
-1.351945,-8.315059,1.220340
-1.746760,-7.984849,1.363909
-1.856830,-7.903493,1.710868
-1.768296,-9.339187,2.921637
-1.768296,-9.339187,2.921637
-2.603391,-9.133404,4.139583
-3.098706,-8.796017,5.357530
-3.448057,-9.114261,8.267202
-4.539185,-10.447062,13.591233
-6.618547,-13.296914,21.154945
-9.186047,-16.120445,28.508089
-9.145369,-19.056440,31.793434
-4.761717,-20.204992,32.102112
0.581456,-17.766708,30.171101
2.519642,-17.407784,28.211378
3.038885,-16.120445,27.309284
3.620341,-14.115260,26.258835
4.876573,-12.792030,24.416363
5.412565,-11.191232,20.755344
4.034299,-10.289137,16.091732
1.813759,-8.592626,8.128418
-0.014357,-7.453642,-1.718047
-0.947558,-8.068598,-10.715059
-0.909273,-10.360922,-18.151953
-0.052642,-13.911870,-21.982861
2.050649,-16.912472,-22.523640
4.886144,-17.304893,-21.674189
6.520442,-15.158531,-22.415960
6.541977,-14.165509,-22.420748
6.668797,-12.088539,-19.001404
6.668797,-12.088539,-19.001404
5.941379,-9.375079,-14.435899
5.108676,-8.420342,-13.263416
4.027121,-7.264609,-12.457035
2.608176,-6.704689,-12.315859
0.983450,-6.381658,-12.232110
-0.641276,-6.618547,-11.607583
-2.208575,-7.795816,-10.619347
-2.878566,-9.274581,-9.322437
-2.979064,-10.968699,-7.597212
-3.101098,-11.679367,-5.955735
-3.309274,-11.365908,-4.567898
-3.663411,-10.339387,-3.751946
-3.998406,-8.963513,-2.912065
-4.208975,-7.539784,-2.627320
-3.948158,-7.164111,-2.849852
-3.711268,-7.781459,-2.880959
-3.909872,-9.018548,-2.670390
-4.091727,-10.128819,-2.639283
-4.070191,-10.894521,-2.493321
-3.986443,-11.265409,-2.639283
-3.857230,-11.387443,-2.512464
-3.605984,-10.880164,-2.208575
-3.488736,-10.164711,-1.890330
-3.460021,-9.463614,-1.840081
-3.486342,-9.434900,-1.213161
-3.464807,-9.351151,-0.892523
-3.534199,-9.432507,-0.806381
-3.536592,-9.779467,-0.835095
-3.646662,-10.179067,-0.720240
-3.761517,-10.164711,-0.557528
-3.902694,-9.592826,-0.519243
-4.036692,-9.142976,-0.770489
-4.034299,-8.939585,-0.878166
-4.082155,-9.090333,-0.818345
-4.153940,-9.365508,-0.648455
-4.132405,-9.968499,-0.480957
-4.187439,-10.743774,-0.428315
-4.113262,-11.241481,-0.277567
-3.976871,-10.904092,0.143569
-3.912265,-9.762716,0.069392
-3.747160,-8.587841,-0.062213
-3.476771,-7.783852,-0.050249
-3.412165,-7.539784,-0.052642
-3.266203,-7.666604,0.090927
-3.306881,-8.126025,0.088534
-3.400201,-8.800802,0.026321
-3.510271,-9.473185,0.186640
-3.562913,-10.045070,0.306281
-3.419343,-9.571291,0.318245
-3.419343,-9.571291,0.318245
-3.402594,-8.681160,-0.279960
-3.438486,-8.592626,-0.354138
-3.694518,-8.630912,-0.586242
-3.835695,-8.812766,-0.658026
-3.909872,-8.997013,-0.598206
-4.079762,-9.140583,-0.457029
-4.132405,-9.226725,-0.282353
-4.063013,-9.229117,-0.330210
-3.962514,-9.382257,-0.468993
-3.936193,-9.513863,-0.641276
-4.034299,-10.317852,-1.076770
-4.328616,-8.264810,-0.105284
-3.974478,-11.078769,-0.701097
-3.931407,-9.482756,-0.191426
-4.151547,-9.475577,-0.071785
-3.637090,-8.566305,0.169890
-3.534199,-8.750552,0.423530
-3.658626,-8.523234,0.593420
-3.684947,-8.396415,0.433101
-3.548556,-8.389235,0.521635
-3.522235,-8.846266,0.528814
-3.361916,-9.970891,0.299103
-3.268596,-9.927821,1.280160
-3.110669,-9.908678,1.256232
-3.538985,-8.987441,1.033699
-3.651447,-7.858029,0.727418
-3.763910,-8.149954,1.007378
-3.833302,-8.044669,1.095913
-3.739982,-7.920243,0.859023
-3.548556,-8.372486,0.868595
-3.574877,-9.083155,0.725025
-3.546163,-9.640682,0.636491
-3.505485,-9.868000,0.440279
-3.730411,-9.827322,0.579063
-4.651647,-10.181459,0.174676
-3.821337,-9.975677,0.385244
-4.180261,-10.133603,-0.447458
-4.374080,-9.978070,-0.150748
-3.862016,-9.506684,0.078963
-3.302095,-8.941978,0.236889
-3.893122,-8.975478,0.222532
-3.543770,-8.846266,0.734596
-3.388237,-9.140583,0.602991
-3.751946,-9.166903,0.689133
-3.907479,-9.226725,0.815953
-3.656233,-9.231510,0.949951
-3.416951,-9.205189,0.827917
-4.390830,-9.528220,0.409173
-3.235096,-9.102298,0.409173
-3.235096,-9.102298,0.409173
-4.369294,-9.291330,0.442672
-4.266403,-8.956335,0.626920
-3.110669,-9.159724,0.447458
-3.110669,-9.159724,0.447458
-2.421536,-9.561719,0.303888
-2.270789,-9.547362,0.480957
-3.175276,-9.138189,0.595813
-4.175476,-8.671589,1.184447
-4.101298,-8.604590,1.210768
-3.180061,-8.927622,0.655633
-6.876972,-10.186246,-0.674776
-3.462414,-7.520642,0.110070
-3.443272,-8.614161,0.387637
-3.639483,-9.623933,0.279960
-4.967500,-9.652647,0.363709
-4.857430,-8.611769,0.023928
-4.039084,-8.298308,0.236889
-3.988836,-9.714860,0.155533
-3.627519,-10.193424,0.210568
-3.594020,-9.635897,-0.059821
-3.878766,-9.104690,0.105284
-3.984050,-9.126225,0.306281
-3.550949,-9.150154,0.650848
-3.550949,-9.150154,0.650848
-3.469593,-9.296116,0.751346
-3.505485,-9.387043,0.981057
-3.424129,-8.985049,1.026521
-3.438486,-9.138189,1.136591
-3.455236,-9.229117,1.076770
-3.443272,-9.353544,1.138984
-3.639483,-9.346365,0.949951
-3.756732,-9.047262,0.815953
-3.680161,-8.647661,0.765703
-3.613162,-8.884550,0.768096
-3.708875,-9.207582,0.689133
-3.684947,-9.312866,0.583849
-3.591627,-9.375079,0.574277
-3.579663,-9.279366,0.557528
-3.668197,-9.056834,0.641276
-3.670590,-8.915657,0.586242
-3.598805,-8.731410,0.490529
-3.661019,-8.752945,0.535992
-3.625126,-8.688338,0.533599
-3.572484,-8.618947,0.531207
-3.538985,-8.494520,0.437887
-3.541377,-8.712267,0.409173
-3.627519,-9.059227,0.327817
-3.653840,-9.272188,0.251246
-3.562913,-9.638289,0.210568
-3.613162,-9.499505,0.150748
-4.278367,-7.379465,-2.550749
-4.278367,-7.379465,-2.550749
-2.971886,-7.855636,0.275175
-4.266403,-8.111670,0.110070
-3.474378,-8.214561,-0.083749
-3.285345,-9.028119,0.339781
-3.450450,-9.219545,0.531207
-3.744767,-9.494720,0.411566
-3.598805,-9.803394,0.509671
