-2.976671,-8.760124,-0.361316
-2.976671,-8.760124,-0.361316
-2.888137,-8.865408,-0.301496
-2.821138,-9.339187,-0.330210
-2.849852,-9.707682,-0.265603
-2.830709,-9.958927,-0.220140
-2.931208,-10.126426,-0.112463
-2.967100,-10.186246,-0.122034
-2.900101,-10.045070,-0.074178
-2.935993,-9.714860,0.007178
-2.933600,-9.257831,0.038285
-2.919244,-8.965906,-0.074178
-2.847459,-8.915657,-0.035892
-2.682354,-9.032906,0.016750
-2.720639,-9.272188,0.143569
-2.816352,-9.513863,0.320638
-2.842674,-9.657433,0.351745
-2.830709,-9.760324,0.449851
-2.852244,-9.796216,0.366102
-2.758924,-9.903893,0.287139
-2.701497,-9.827322,0.258425
-2.768496,-9.870394,0.186640
-2.746960,-10.054641,0.023928
-2.723032,-10.231709,-0.047856
-2.718246,-10.327423,-0.124427
-2.821138,-10.351351,-0.433101
-2.871387,-10.676775,-1.141376
-2.890530,-11.023734,-1.586441
-3.055635,-11.353944,-1.998007
-3.215954,-11.389835,-2.340181
-3.373880,-11.279767,-2.895315
-3.562913,-11.334801,-3.273381
-3.677768,-11.346765,-3.577270
-3.847659,-11.377872,-3.785445
-3.778267,-11.590833,-4.086941
-3.460021,-11.741580,-4.364508
-3.218346,-11.930614,-4.632504
-2.921637,-12.150753,-4.819145
-2.498107,-11.901899,-4.948357
-2.282753,-11.298907,-4.922036
-2.644069,-10.638489,-4.823930
-3.086741,-9.879964,-4.687540
-3.381058,-9.628718,-4.579862
-3.519842,-9.422935,-4.543970
-3.404987,-9.657433,-4.412365
-3.383451,-10.241282,-4.340580
-3.101098,-10.444671,-4.249653
-2.876173,-10.839487,-4.017549
-2.608176,-11.119448,-3.732803
-2.304288,-10.808380,-3.199204
-2.141576,-10.193424,-2.744568
-1.983650,-9.391829,-2.390430
-1.674976,-8.484949,-2.321038
-1.261017,-8.549555,-2.014757
-1.019342,-8.480164,-1.500300
-1.263410,-8.839087,-1.201197
-1.055235,-8.745767,-1.019342
-0.971486,-8.932407,-0.672383
-0.914058,-8.889337,-0.504886
-0.612563,-8.676375,0.090927
-0.562313,-8.697910,0.351745
-0.691526,-8.853443,0.636491
-0.543171,-9.202796,0.710668
-0.145962,-9.437292,1.012164
-0.227318,-9.578469,1.344766
-0.354138,-8.819944,1.655833
-0.571885,-8.181061,1.854438
-0.614955,-7.477571,2.426322
-0.954736,-7.506285,2.766103
-1.134198,-7.917850,2.821138
-1.093520,-8.951550,2.830709
-0.878166,-9.710074,2.691926
-0.847059,-10.301102,2.701497
-0.811167,-10.126426,3.034099
-1.095913,-9.257831,2.895315
-1.375873,-9.186047,2.962314
-1.316052,-9.458827,2.940779
-1.316052,-9.458827,3.158526
-1.117448,-10.167104,3.292524
-1.124627,-9.987641,3.242275
-1.150948,-9.762716,3.426522
-1.481157,-9.741181,3.273381
-1.579263,-9.509077,3.340380
-1.718047,-9.923036,3.366701
-1.488336,-10.487741,3.761517
-1.337588,-10.652846,3.799802
-1.395016,-10.738988,3.799802
-1.672583,-11.255837,3.421736
-1.359123,-11.009377,3.474378
-1.383051,-10.100104,3.696911
-1.820938,-9.597611,3.735196
-1.919044,-9.097511,3.450450
-1.804188,-9.068797,3.254239
-1.710868,-9.537791,3.019742
-1.756332,-10.248460,2.651247
-1.777867,-10.798808,2.428715
-1.746760,-11.260624,2.208575
-1.591227,-11.576476,2.007578
-1.612763,-11.684153,1.971686
-1.777867,-11.325230,2.120041
-1.840081,-10.399208,2.112862
-1.993221,-9.504292,2.172683
-2.215754,-8.063812,1.957329
-2.105684,-8.233703,1.907080
-2.024328,-8.693125,1.564906
-1.847259,-9.576077,1.251446
-1.713261,-10.566705,0.842274
-1.586441,-11.255837,0.363709
-1.679761,-11.330014,0.086142
-1.957329,-10.825130,-0.251246
-2.057827,-10.274779,-0.184247
-2.055435,-9.446864,-0.165105
-2.033899,-8.762517,0.028714
-2.148755,-8.652447,0.107677
-2.117648,-8.721838,0.244068
-1.988436,-9.068797,0.009571
-1.713261,-9.521042,-0.306281
-1.483550,-10.033106,-0.519243
-1.445265,-10.363315,-0.629312
-1.323231,-10.399208,-0.911665
-1.249053,-10.121639,-0.971486
-1.368695,-9.827322,-0.729811
-1.485943,-9.748360,-0.387637
-1.483550,-9.734003,-0.138784
-1.229911,-9.966106,-0.162712
-1.088734,-9.556933,-1.873580
-1.598405,-10.222138,-0.571885
-0.983450,-10.023535,0.445065
-2.352145,-9.315259,0.107677
-2.495714,-8.858230,0.141177
-2.318645,-9.008978,0.519243
-2.352145,-9.035298,0.729811
-2.440679,-8.987441,0.588634
-3.294917,-9.099905,0.282353
-2.055435,-9.154939,0.375673
-2.050649,-9.875179,-0.069392
-2.266003,-10.004392,0.294317
-2.354537,-9.738789,0.428315
-2.524428,-9.114261,0.452243
-2.840281,-8.822337,0.899701
-2.811567,-8.791230,0.794417
-2.385644,-8.891729,1.160519
-1.749153,-9.451650,1.275374
-1.631905,-10.164711,1.552942
-2.093720,-10.293922,1.131805
-2.409572,-10.061819,1.071985
-2.615355,-10.001998,0.466600
-2.505285,-10.100104,0.299103
-2.392823,-9.714860,0.330210
1.679761,-7.061220,0.658026
-1.945365,-9.745967,1.124627
-1.505085,-9.640682,0.708275
-0.954736,-9.611969,0.945165
-1.186840,-10.255639,1.148555
-1.170090,-10.638489,1.588834
-0.842274,-10.353743,1.720440
-1.064806,-9.896714,1.083949
-1.174876,-9.908678,1.198804
-0.983450,-9.008978,1.610370
-1.387837,-9.951750,0.626920
-2.431108,-10.502099,-0.468993
-3.309274,-10.071390,0.799203
-2.416751,-10.269995,0.452243
-1.268196,-10.466206,0.978664
-1.457229,-10.547562,0.531207
-2.182254,-10.095319,-0.050249
-2.435893,-9.707682,-0.011964
-2.165504,-9.674182,0.193819
-1.703690,-9.896714,0.375673
-1.450050,-9.872787,0.296710
-1.607977,-9.760324,0.457029
-1.708475,-9.676575,0.679562
-1.651048,-9.566505,0.832702
-1.538585,-9.602397,0.866202
-1.488336,-9.719646,0.715454
-1.416551,-9.966106,0.619741
-1.182054,-10.504492,0.890130
-1.182054,-10.504492,0.890130
-1.162912,-10.068997,1.105484
-1.287339,-9.554541,1.098306
-1.380659,-9.198010,1.148555
-1.418944,-9.037691,1.167697
-1.325624,-9.128618,1.241875
-1.237089,-9.248260,1.390230
-1.282553,-9.564112,1.249053
-1.256232,-9.946963,1.189233
-1.160519,-10.162319,1.045663
-1.162912,-10.207782,0.784846
-1.122234,-10.107283,0.777667
-1.091127,-9.875179,0.926022
-1.225125,-9.595219,1.050449
-1.292124,-9.439686,1.304088
-1.445265,-9.262616,1.375873
-1.505085,-9.209974,1.213161
-1.502693,-9.494720,0.847059
-1.464408,-9.786645,0.703490
-1.375873,-9.968499,0.583849
-1.308874,-10.037891,0.531207
-1.272982,-9.868000,0.468993
-1.284946,-9.667004,0.614955
-1.404587,-9.336794,0.648455
-1.507478,-8.997013,0.772882
-1.708475,-8.853443,0.736989
-1.708475,-8.853443,0.736989
-1.588834,-9.174082,0.468993
-1.409373,-9.501899,0.354138
-1.301696,-9.741181,0.224925
-1.311267,-9.987641,0.196211
-1.375873,-10.157533,0.315853
-1.440479,-10.068997,0.234497
-1.529014,-9.686146,0.212961
-1.691726,-9.501899,0.157926
-1.722832,-9.274581,0.165105
-1.698904,-9.186047,0.246461
-1.665405,-9.243474,0.313460
-1.641476,-9.437292,0.351745
-1.653440,-9.623933,0.385244
-1.665405,-9.853643,0.234497
-1.651048,-10.202995,0.198604
-1.962115,-9.954143,-0.622134
-1.950150,-10.045070,-0.957129
-1.150948,-9.915856,-0.593420
-1.048056,-9.803394,-0.071785
-1.674976,-9.401401,0.236889
-1.887937,-9.332008,0.720240
-1.655833,-9.406186,0.782453
-1.488336,-10.406385,0.368495
-1.488336,-10.406385,0.368495
-1.402194,-9.702895,-0.177069
-1.773082,-9.585647,-0.052642
-1.773082,-9.585647,-0.052642
-1.718047,-9.908678,0.133998
-1.718047,-9.908678,0.133998
-1.404587,-10.131211,0.478565
-1.404587,-10.131211,0.478565
-1.471586,-10.174281,0.581456
-1.471586,-10.174281,0.581456
-1.706082,-9.990034,0.598206
-1.706082,-9.990034,0.598206
-1.787439,-9.678967,0.404387
-1.787439,-9.678967,0.404387
-1.715654,-9.578469,0.210568
-1.715654,-9.578469,0.210568
-1.653440,-9.643075,0.215354
-1.653440,-9.643075,0.215354
-1.715654,-9.693325,0.131605
-1.715654,-9.693325,0.131605
-1.765903,-9.664611,0.208176
-1.765903,-9.664611,0.208176
-1.746760,-9.652647,0.260818
-1.746760,-9.652647,0.260818
-1.777867,-9.801002,0.356531
-1.777867,-9.801002,0.356531
-1.576870,-10.061819,0.327817
-1.576870,-10.061819,0.327817
-1.483550,-10.128819,0.342174
-1.483550,-10.128819,0.342174
-1.378266,-9.982857,0.416351
-1.378266,-9.982857,0.416351
-1.416551,-9.753145,0.418744
-1.416551,-9.753145,0.418744
-1.462015,-9.511470,0.430708
-1.462015,-9.511470,0.430708
-1.464408,-9.437292,0.500100
-1.464408,-9.437292,0.500100
-1.488336,-9.353544,0.559920
-1.488336,-9.353544,0.559920
-1.540978,-9.489935,0.442672
-1.540978,-9.489935,0.442672
-1.567299,-9.540184,0.433101
-1.567299,-9.540184,0.433101
-1.567299,-9.674182,0.375673
-1.567299,-9.674182,0.375673
-1.596013,-9.777073,0.325424
-1.596013,-9.777073,0.325424
-1.502693,-10.097712,0.406780
-1.502693,-10.097712,0.406780
-1.502693,-10.097712,0.406780
-1.502693,-10.097712,0.406780
-1.328017,-9.925428,0.519243
-1.328017,-9.925428,0.519243
-1.426122,-9.722038,0.521635
-1.426122,-9.722038,0.521635
-1.481157,-9.499505,0.593420
-1.481157,-9.499505,0.593420
-1.507478,-9.449257,0.626920
-1.507478,-9.449257,0.626920
-1.557728,-9.384650,0.612563
-1.557728,-9.384650,0.612563
-1.572084,-9.439686,0.516850
-1.572084,-9.439686,0.516850
-1.607977,-9.602397,0.399601
-1.607977,-9.602397,0.399601
-1.612763,-9.968499,0.303888
-1.612763,-9.968499,0.303888
-1.517050,-10.253245,0.167498
-1.517050,-10.253245,0.167498
-1.426122,-10.370493,-0.033500
-1.426122,-10.370493,-0.033500
-1.426122,-10.399208,0.009571
-1.426122,-10.399208,0.009571
-1.440479,-10.195816,0.078963
-1.440479,-10.195816,0.078963
-1.445265,-9.736395,0.155533
-1.445265,-9.736395,0.155533
-1.497907,-9.346365,0.275175
-1.497907,-9.346365,0.275175
-1.404587,-9.116654,0.457029
-1.404587,-9.116654,0.457029
-1.471586,-8.803195,0.160319
-1.471586,-8.803195,0.160319
-1.493121,-8.982656,0.282353
-1.493121,-8.982656,0.282353
-1.390230,-9.200402,0.222532
-1.390230,-9.200402,0.222532
-1.296910,-9.734003,0.263210
-1.296910,-9.734003,0.263210
-1.153341,-10.085747,0.031107
-1.153341,-10.085747,0.031107
-1.048056,-10.174281,-0.081356
-1.048056,-10.174281,-0.081356
-1.074377,-9.932607,-0.385244
-1.074377,-9.932607,-0.385244
-1.399801,-9.449257,-0.361316
-1.399801,-9.449257,-0.361316
-1.399801,-9.449257,-0.361316
-1.399801,-9.449257,-0.361316
-1.593620,-9.298509,-0.567099
-1.593620,-9.298509,-0.567099
-1.598405,-9.413363,-0.567099
-1.598405,-9.413363,-0.567099
-1.710868,-9.712467,-0.313460
-1.710868,-9.712467,-0.313460
-1.835295,-9.872787,-0.141177
-1.835295,-9.872787,-0.141177
-1.854438,-10.121639,0.083749
-1.854438,-10.121639,0.083749
-1.588834,-10.246067,0.488136
-1.588834,-10.246067,0.488136
-1.282553,-9.920642,1.060020
-1.282553,-9.920642,1.060020
-1.016950,-9.418150,2.115255
-1.016950,-9.418150,2.115255
-0.973879,-8.932407,3.582055
-0.973879,-8.932407,3.582055
-0.971486,-8.298308,5.938986
-0.971486,-8.298308,5.938986
-2.136791,-8.539984,9.174082
-2.136791,-8.539984,9.174082
-4.165904,-9.765109,14.660825
-4.165904,-9.765109,14.660825
-5.673382,-11.179268,21.080769
-5.673382,-11.179268,21.080769
-4.907679,-12.193825,26.251657
-4.907679,-12.193825,26.251657
-1.442872,-9.157332,26.933611
-1.442872,-9.157332,26.933611
0.746561,-5.711668,28.823940
0.746561,-5.711668,28.823940
0.918844,-2.488536,30.113672
0.918844,-2.488536,30.113672
-0.181855,0.143569,28.082167
-0.181855,0.143569,28.082167
-0.153141,1.399801,26.251657
-0.153141,1.399801,26.251657
-0.174676,-3.471986,21.473190
-0.174676,-3.471986,21.473190
0.516850,-7.511070,18.022739
0.516850,-7.511070,18.022739
-0.473779,-14.842678,14.593824
-0.473779,-14.842678,14.593824
0.646062,-22.236502,9.370294
0.646062,-22.236502,9.370294
3.141776,-22.715065,4.536791
3.141776,-22.715065,4.536791
0.406780,-16.115660,-3.127419
0.406780,-16.115660,-3.127419
0.406780,-16.115660,-3.127419
0.406780,-16.115660,-3.127419
3.053242,-10.403993,-8.434700
3.053242,-10.403993,-8.434700
4.386044,-10.336994,-8.793623
4.386044,-10.336994,-8.793623
5.479564,-10.906486,-9.573684
5.479564,-10.906486,-9.573684
6.424729,-12.040684,-11.303694
6.424729,-12.040684,-11.303694
6.908078,-14.213367,-12.105289
6.908078,-14.213367,-12.105289
6.843473,-15.247066,-12.765708
6.843473,-15.247066,-12.765708
6.092126,-15.218351,-13.141381
6.092126,-15.218351,-13.141381
5.266603,-14.723038,-12.914064
5.266603,-14.723038,-12.914064
4.790431,-12.528819,-12.457035
4.790431,-12.528819,-12.457035
3.672983,-10.671989,-12.332609
3.672983,-10.671989,-12.332609
1.859223,-9.590433,-12.978670
1.859223,-9.590433,-12.978670
0.074178,-9.212367,-13.390236
0.074178,-9.212367,-13.390236
-0.947558,-8.729016,-13.148561
-0.947558,-8.729016,-13.148561
-1.447658,-8.539984,-12.385249
-1.447658,-8.539984,-12.385249
-2.060220,-8.977871,-11.078769
-2.060220,-8.977871,-11.078769
-2.727818,-10.528419,-9.576077
-2.727818,-10.528419,-9.576077
-2.725425,-11.521441,-7.482357
-2.725425,-11.521441,-7.482357
-2.682354,-11.083554,-6.051448
-2.682354,-11.083554,-6.051448
-2.940779,-10.631311,-5.682954
-2.940779,-10.631311,-5.682954
-2.734996,-9.652647,-5.635098
-2.734996,-9.652647,-5.635098
-2.679961,-9.762716,-4.969893
-2.679961,-9.762716,-4.969893
-3.017349,-10.549955,-4.354938
-3.017349,-10.549955,-4.354938
-2.888137,-11.291731,-4.048656
-2.888137,-11.291731,-4.048656
-2.459821,-11.514263,-3.366701
-2.459821,-11.514263,-3.366701
-2.313859,-11.212767,-2.775674
-2.313859,-11.212767,-2.775674
-2.213361,-10.602598,-2.110470
-2.213361,-10.602598,-2.110470
-1.746760,-9.353544,-0.935594
-1.746760,-9.353544,-0.935594
-1.737189,-9.339187,-0.825524
-1.737189,-9.339187,-0.825524
-1.797010,-9.791430,-0.765703
-1.797010,-9.791430,-0.765703
-1.875973,-10.648061,-0.524028
-1.875973,-10.648061,-0.524028
-2.189433,-11.710474,0.303888
-2.189433,-11.710474,0.303888
-2.294717,-11.684153,0.720240
-2.294717,-11.684153,0.720240
-1.947758,-11.401800,0.746561
-1.947758,-11.401800,0.746561
-1.674976,-11.026128,0.409173
-1.674976,-11.026128,0.409173
-1.476372,-10.676775,0.437887
-1.476372,-10.676775,0.437887
-1.426122,-10.526026,0.789631
-1.426122,-10.526026,0.789631
-1.529014,-10.425529,1.050449
-1.529014,-10.425529,1.050449
-1.629512,-10.449455,1.320838
-1.629512,-10.449455,1.320838
-1.531406,-9.777073,1.567299
-1.531406,-9.777073,1.567299
-1.634298,-9.152546,1.660619
-1.634298,-9.152546,1.660619
-1.741975,-8.733803,1.572084
-1.741975,-8.733803,1.572084
-1.873580,-8.932407,1.751546
-1.873580,-8.932407,1.751546
-1.988436,-9.085547,1.368695
-1.988436,-9.085547,1.368695
-2.060220,-9.358330,1.016950
-2.060220,-9.358330,1.016950
-2.062613,-9.817751,0.648455
-2.062613,-9.817751,0.648455
-1.797010,-10.372886,0.526421
-1.797010,-10.372886,0.526421
-1.775474,-10.782058,0.961915
-1.775474,-10.782058,0.961915
-1.938186,-10.152746,1.179662
-1.938186,-10.152746,1.179662
-1.954936,-9.367901,0.849452
-1.954936,-9.367901,0.849452
-1.986043,-8.896514,0.744168
-1.986043,-8.896514,0.744168
-2.328217,-8.985049,0.452243
-2.328217,-8.985049,0.452243
-2.536392,-9.248260,0.452243
-2.536392,-9.248260,0.452243
-2.725425,-9.803394,0.421137
-2.725425,-9.803394,0.421137
-2.701497,-10.047462,0.485743
-2.701497,-10.047462,0.485743
-2.392823,-10.059426,0.765703
-2.392823,-10.059426,0.765703
-2.151148,-9.836893,1.127020
-2.151148,-9.836893,1.127020
-2.076970,-9.647861,1.170090
-2.076970,-9.647861,1.170090
-1.969293,-9.461221,1.318445
-1.969293,-9.461221,1.318445
-1.916651,-9.233903,1.703690
-1.916651,-9.233903,1.703690
-2.189433,-9.209974,1.734797
-2.189433,-9.209974,1.734797
-2.177469,-9.341579,1.485943
-2.177469,-9.341579,1.485943
-1.976472,-9.595219,1.210768
-1.976472,-9.595219,1.210768
-1.835295,-9.894321,1.100698
-1.835295,-9.894321,1.100698
-1.832902,-9.832108,1.146162
-1.832902,-9.832108,1.146162
-1.706082,-9.556933,1.304088
-1.706082,-9.556933,1.304088
-1.466800,-9.358330,1.392623
-1.466800,-9.358330,1.392623
-1.361516,-9.253045,1.402194
-1.361516,-9.253045,1.402194
-1.337588,-9.298509,1.447658
-1.337588,-9.298509,1.447658
-1.421337,-9.470792,1.385444
-1.421337,-9.470792,1.385444
-1.598405,-9.791430,1.426122
-1.598405,-9.791430,1.426122
-1.710868,-10.114462,1.533799
-1.710868,-10.114462,1.533799
-1.734797,-10.475778,1.306481
-1.734797,-10.475778,1.306481
-1.868794,-10.633704,1.110270
-1.868794,-10.633704,1.110270
-2.074577,-10.480563,0.911665
-2.074577,-10.480563,0.911665
-2.074577,-9.884750,0.777667
-2.074577,-9.884750,0.777667
-2.127219,-9.315259,0.677169
-2.127219,-9.315259,0.677169
-2.033899,-8.867801,0.873380
-2.033899,-8.867801,0.873380
-1.919044,-9.135797,1.127020
-1.919044,-9.135797,1.127020
-1.887937,-9.334401,1.509871
-1.887937,-9.334401,1.509871
-1.739582,-9.334401,1.603191
-1.739582,-9.334401,1.603191
-1.548156,-9.291330,1.447658
-1.548156,-9.291330,1.447658
-1.572084,-9.231510,1.418944
-1.572084,-9.231510,1.418944
-1.737189,-9.169296,1.323231
-1.737189,-9.169296,1.323231
-1.713261,-9.181261,1.186840
-1.713261,-9.181261,1.186840
-1.782653,-9.334401,1.196411
-1.782653,-9.334401,1.196411
-1.871187,-9.499505,1.313660
-1.871187,-9.499505,1.313660
-1.780260,-9.561719,1.641476
-1.780260,-9.561719,1.641476
-1.765903,-9.456435,1.718047
-1.765903,-9.456435,1.718047
-1.694118,-9.171689,1.701297
-1.694118,-9.171689,1.701297
-1.730011,-8.922836,1.674976
-1.730011,-8.922836,1.674976
-1.794617,-8.851050,1.627119
-1.794617,-8.851050,1.627119
-1.825724,-9.138189,1.610370
-1.825724,-9.138189,1.610370
-1.715654,-9.327222,1.521835
-1.715654,-9.327222,1.521835
-1.734797,-9.559326,1.478764
-1.734797,-9.559326,1.478764
-1.832902,-9.695717,1.459622
-1.832902,-9.695717,1.459622
-2.041078,-9.475577,1.517050
-2.041078,-9.475577,1.517050
-2.045863,-9.040084,1.581656
-2.045863,-9.040084,1.581656
-2.194218,-9.056834,1.258625
-2.194218,-9.056834,1.258625
-2.045863,-9.360723,0.923629
-2.045863,-9.360723,0.923629
-1.538585,-9.676575,1.229911
-1.538585,-9.676575,1.229911
-1.806581,-10.487741,1.203590
-1.806581,-10.487741,1.203590
-2.021935,-12.014362,1.555335
-2.021935,-12.014362,1.555335
-1.619941,-10.978271,1.665405
-1.619941,-10.978271,1.665405
-1.780260,-9.525827,1.517050
-1.780260,-9.525827,1.517050
-1.189233,-8.595018,2.076970
-1.189233,-8.595018,2.076970
-0.983450,-8.673983,2.256432
-0.983450,-8.673983,2.256432
-1.500300,-9.085547,2.038685
-1.500300,-9.085547,2.038685
-1.323231,-9.131011,2.361716
-1.323231,-9.131011,2.361716
-0.866202,-9.147761,2.459821
-0.866202,-9.147761,2.459821
-1.117448,-9.315259,2.292324
-1.117448,-9.315259,2.292324
-1.397408,-9.667004,2.036292
-1.397408,-9.667004,2.036292
-1.586441,-9.918249,1.880759
-1.586441,-9.918249,1.880759
-1.318445,-10.057034,1.859223
-1.318445,-10.057034,1.859223
-1.299303,-9.726824,1.885544
-1.299303,-9.726824,1.885544
-1.203590,-9.724431,1.926222
-1.203590,-9.724431,1.926222
-1.284946,-9.688539,1.914258
-1.284946,-9.688539,1.914258
-1.060020,-9.549755,1.969293
-1.060020,-9.549755,1.969293
-0.708275,-9.243474,2.096112
-0.708275,-9.243474,2.096112
-1.208375,-9.181261,2.084148
-1.208375,-9.181261,2.084148
-1.265803,-9.152546,2.311467
-1.265803,-9.152546,2.311467
-1.866402,-9.755538,2.021935
-1.866402,-9.755538,2.021935
-1.466800,-9.468399,2.462214
-1.466800,-9.468399,2.462214
-1.198804,-9.889536,2.478964
-1.198804,-9.889536,2.478964
-1.182054,-9.944571,2.277967
-1.182054,-9.944571,2.277967
-1.143769,-9.676575,2.026721
-1.143769,-9.676575,2.026721
-1.045663,-9.456435,1.701297
-1.045663,-9.456435,1.701297
-1.713261,-9.056834,1.830509
-1.713261,-9.056834,1.830509
-1.466800,-8.889337,1.962115
-1.466800,-8.889337,1.962115
-1.466800,-8.889337,1.962115
-1.466800,-8.889337,1.962115
-1.366302,-9.020942,2.057827
-1.366302,-9.020942,2.057827
-1.083949,-9.336794,2.196611
-1.083949,-9.336794,2.196611
-0.863809,-9.757930,2.165504
-0.863809,-9.757930,2.165504
-0.844666,-10.018748,1.895115
-0.844666,-10.018748,1.895115
-1.167697,-9.997212,1.820938
-1.167697,-9.997212,1.820938
-1.253839,-10.009177,2.127219
-1.253839,-10.009177,2.127219
-1.438086,-10.049855,1.904687
-1.438086,-10.049855,1.904687
-1.497907,-9.793823,1.828116
-1.497907,-9.793823,1.828116
-1.672583,-9.458827,1.708475
-1.672583,-9.458827,1.708475
-1.213161,-9.133404,1.684547
-1.213161,-9.133404,1.684547
-1.270589,-9.408579,1.600798
-1.270589,-9.408579,1.600798
-1.339981,-9.717253,1.576870
-1.339981,-9.717253,1.576870
-1.284946,-9.659825,1.643869
-1.284946,-9.659825,1.643869
-1.280160,-9.820145,1.682154
-1.280160,-9.820145,1.682154
-1.323231,-9.997212,1.751546
-1.323231,-9.997212,1.751546
-1.196411,-10.176675,1.832902
-1.196411,-10.176675,1.832902
-1.143769,-9.944571,1.856830
-1.143769,-9.944571,1.856830
-1.215554,-9.595219,1.773082
-1.215554,-9.595219,1.773082
-1.167697,-9.255438,1.663012
-1.167697,-9.255438,1.663012
-1.258625,-9.528220,1.631905
-1.258625,-9.528220,1.631905
-1.208375,-9.626326,1.564906
-1.208375,-9.626326,1.564906
-1.330409,-9.769895,1.438086
-1.330409,-9.769895,1.438086
-1.378266,-9.710074,1.454836
-1.378266,-9.710074,1.454836
-1.205983,-9.875179,1.617548
-1.205983,-9.875179,1.617548
-1.265803,-9.812965,1.718047
-1.265803,-9.812965,1.718047
-1.179662,-9.590433,1.787439
-1.179662,-9.590433,1.787439
-1.057628,-9.245867,1.715654
-1.057628,-9.245867,1.715654
-1.136591,-9.178867,1.679761
-1.136591,-9.178867,1.679761
-1.244268,-9.255438,1.593620
-1.244268,-9.255438,1.593620
-1.325624,-9.339187,1.634298
-1.325624,-9.339187,1.634298
-1.337588,-9.702895,1.567299
-1.337588,-9.702895,1.567299
-1.232304,-10.030712,1.600798
-1.232304,-10.030712,1.600798
-1.256232,-10.174281,1.684547
-1.256232,-10.174281,1.684547
-1.284946,-10.155140,1.787439
-1.284946,-10.155140,1.787439
-1.349552,-9.961320,1.854438
-1.349552,-9.961320,1.854438
-1.320838,-9.834501,1.806581
-1.320838,-9.834501,1.806581
-1.284946,-9.688539,1.773082
-1.284946,-9.688539,1.773082
-1.289732,-9.578469,1.813759
-1.289732,-9.578469,1.813759
-1.251446,-9.571291,1.904687
-1.251446,-9.571291,1.904687
-1.213161,-9.535398,1.897508
-1.213161,-9.535398,1.897508
-1.155733,-9.492328,1.880759
-1.155733,-9.492328,1.880759
-1.174876,-9.442079,1.962115
-1.174876,-9.442079,1.962115
-1.249053,-9.552148,1.835295
-1.249053,-9.552148,1.835295
-1.296910,-9.633504,1.931008
-1.296910,-9.633504,1.931008
-0.550349,-9.614362,-0.830309
-0.550349,-9.614362,-0.830309
-1.335195,-9.760324,2.474179
-1.335195,-9.760324,2.474179
-1.698904,-9.418150,2.160719
-1.698904,-9.418150,2.160719
-1.328017,-8.788837,1.741975
-1.328017,-8.788837,1.741975
-1.328017,-8.788837,1.741975
-1.328017,-8.788837,1.741975
-1.036092,-9.710074,1.995614
-1.036092,-9.710074,1.995614
-0.602991,-10.387242,2.002793
-0.602991,-10.387242,2.002793
-1.311267,-10.013963,1.529014
-1.311267,-10.013963,1.529014
-1.674976,-9.848858,1.426122
-1.674976,-9.848858,1.426122
-1.706082,-10.083356,-0.122034
-1.792224,-9.059227,0.052642
-2.167897,-9.918249,0.485743
-2.146362,-9.834501,0.447458
-2.012364,-10.006784,0.533599
-1.847259,-10.009177,0.471386
-1.995614,-9.939785,0.227318
-2.120041,-9.949356,0.248854
-1.883151,-9.745967,0.260818
-1.880759,-9.583255,0.248854
-1.954936,-9.463614,0.210568
-1.988436,-9.420543,0.208176
-1.964507,-9.485149,0.258425
-1.875973,-9.583255,0.265603
-1.904687,-9.743573,0.287139
-1.909473,-9.745967,0.258425
-1.875973,-9.726824,0.193819
-1.854438,-9.765109,0.267996
-1.823331,-9.705289,0.275175
-1.777867,-9.640682,0.248854
-1.684547,-9.626326,0.198604
-1.646262,-9.580862,0.253639
-1.746760,-9.521042,0.246461
-1.880759,-9.341579,0.241675
-1.923829,-9.322437,0.155533
-1.916651,-9.334401,0.186640
-2.036292,-9.566505,0.141177
-2.074577,-9.738789,0.133998
-2.014757,-9.963714,0.186640
-1.916651,-10.057034,0.196211
-1.787439,-9.600004,0.356531
-1.787439,-9.600004,0.356531
-1.708475,-9.107083,0.473779
-1.708475,-9.107083,0.619741
-1.854438,-9.221939,0.667598
-1.897508,-9.370294,0.698704
-1.825724,-9.659825,0.729811
-1.777867,-9.671788,0.698704
-1.610370,-9.635897,0.736989
-1.509871,-9.401401,0.847059
-1.397408,-8.997013,1.021735
-1.081556,-8.188239,1.603191
-0.641276,-6.731010,2.967100
-0.323031,-5.553742,6.235696
-0.806381,-5.319244,11.274981
-3.625126,-6.599405,16.835899
-8.664411,-9.221939,22.147966
-8.599805,-10.313066,26.289944
-5.027320,-11.026128,26.601009
-2.916851,-9.745967,27.460032
-2.502892,-9.171689,27.893135
-0.662812,-11.346765,25.947769
3.014957,-13.588840,24.193829
5.788238,-18.039490,21.458834
7.353144,-21.932610,19.558933
6.001199,-25.115065,16.388443
3.168097,-25.414167,11.877973
1.141376,-20.690735,6.214160
-4.345366,-10.480563,-7.027720
-4.797609,-6.063413,-13.399807
-4.314260,-5.642276,-15.897913
-3.469593,-8.358130,-16.534405
-0.899701,-8.898908,-16.299908
2.132005,-13.119846,-15.852450
5.355137,-15.651453,-15.357137
7.216753,-15.818950,-16.151552
7.331609,-14.589039,-17.615959
6.350551,-12.045469,-18.374485
5.175675,-9.198010,-17.891134
4.242475,-6.096912,-16.821545
3.610770,-4.158726,-15.871593
2.950350,-3.455236,-14.167902
1.560120,-4.280759,-12.631711
0.129212,-6.163911,-11.617154
-0.727418,-9.068797,-10.202995
-1.081556,-10.621738,-8.980263
-1.555335,-10.466206,-7.771888
-2.330609,-8.609376,-7.137790
-3.483950,-6.044270,-6.618547
-4.565506,-4.283153,-6.340980
-4.242475,-6.104091,-5.075177
-4.242475,-6.104091,-5.075177
-4.225725,-8.685946,-4.340580
-4.031906,-10.968699,-3.474378
-3.050849,-11.014162,-2.148755
-3.201597,-10.133603,-1.921437
-3.103491,-9.109475,-1.923829
-2.818745,-8.537591,-1.837688
-2.562713,-8.693125,-1.832902
-2.555535,-9.109475,-1.660619
-2.572284,-9.717253,-1.596013
-2.275574,-9.659825,-1.150948
-2.225325,-9.623933,-0.837488
-2.210968,-9.504292,-0.808774
-2.203789,-9.305687,-0.602991
-2.615355,-9.329616,-0.497707
-2.919244,-9.212367,-0.595813
-2.998207,-9.303294,-0.411566
-3.101098,-9.272188,-0.425922
-3.227918,-9.434900,-0.457029
-3.335595,-9.635897,-0.370888
-3.450450,-9.554541,-0.368495
-3.428915,-9.312866,-0.390030
-3.345166,-9.186047,-0.433101
-3.390630,-8.980263,-0.524028
-3.448057,-8.874979,-0.571885
-3.395415,-8.872586,-0.533599
-3.326023,-9.324830,-0.423530
-3.232704,-10.528419,-0.007178
-3.225525,-10.451849,0.174676
-3.211168,-10.042676,0.110070
-3.153740,-9.420543,0.162712
-3.165704,-9.066404,0.172283
-3.072384,-8.729016,-0.045464
-3.041277,-8.874979,-0.198604
-3.239882,-9.281759,-0.189033
-3.342773,-9.865608,0.002393
-3.256632,-10.336994,0.143569
-3.158526,-10.061819,0.244068
-3.129812,-9.468399,0.169890
-2.955136,-9.087940,-0.031107
-2.840281,-8.949157,-0.007178
-2.971886,-8.939585,-0.052642
-2.959922,-9.358330,0.272782
-2.955136,-10.013963,0.401994
-3.024528,-10.408779,0.464208
-3.158526,-10.303494,0.531207
-3.165704,-9.676575,0.373280
-3.148954,-9.080762,0.143569
-3.081956,-8.731410,0.007178
-3.259024,-8.824730,-0.119641
-3.259024,-8.824730,-0.119641
-3.230310,-8.980263,-0.033500
-3.139383,-9.298509,-0.004786
-3.024528,-10.095319,0.416351
-3.127419,-10.205389,0.380459
-3.014957,-9.915856,0.514457
-2.864209,-9.427721,0.466600
-2.770889,-9.013763,0.344566
-2.734996,-8.748159,0.275175
-2.761317,-8.803195,0.239282
-2.921637,-8.980263,0.315853
-2.938386,-9.174082,0.275175
-2.782853,-9.480364,0.409173
-2.813959,-9.690931,0.370888
-2.854637,-10.066606,0.256032
-2.828316,-10.344172,0.447458
-2.761317,-10.150353,0.428315
-2.778067,-9.793823,0.263210
-2.900101,-9.439686,0.212961
-3.096312,-9.298509,0.141177
-2.947958,-9.023334,0.141177
-2.840281,-8.958728,-0.002393
-2.830709,-9.073583,-0.083749
-2.773281,-9.008978,-0.083749
-2.790031,-8.973085,-0.038285
-2.778067,-9.102298,-0.050249
-2.775674,-9.341579,0.122034
-2.842674,-9.669396,0.291924
-2.955136,-9.899107,0.342174
-2.909672,-9.633504,0.236889
-2.878566,-9.430114,0.136391
-2.902494,-9.257831,0.028714
-3.093920,-9.138189,0.105284
-3.163311,-9.154939,0.165105
-3.141776,-9.293723,0.138784
-3.062813,-9.626326,0.110070
-2.983850,-9.846465,0.282353
-3.005385,-9.791430,0.418744
-2.849852,-9.631111,0.401994
-2.634498,-9.552148,0.291924
-2.550749,-9.583255,0.440279
-2.624927,-9.468399,0.600598
-2.514857,-9.365508,0.567099
-2.469393,-9.276974,0.677169
-2.519642,-9.353544,0.619741
-2.471786,-9.458827,0.598206
-2.524428,-9.523434,0.552742
-2.608176,-9.480364,0.440279
-2.679961,-9.401401,0.516850
-2.794817,-9.336794,0.512064
-2.854637,-9.430114,0.516850
-2.773281,-9.590433,0.543171
-2.840281,-9.521042,0.650848
-2.883351,-9.140583,0.514457
-2.849852,-9.097511,0.500100
-3.359523,-9.506684,-1.524228
-2.876173,-9.872787,-0.495314
-2.907279,-9.851252,0.650848
-3.428915,-8.985049,-0.311067
-2.991028,-8.925228,0.315853
-2.584249,-9.087940,0.567099
-2.746960,-9.200402,0.732204
-2.526821,-9.391829,0.789631
-2.134398,-9.559326,0.710668
