-2.110470,-10.509278,0.181855,12.530000,8.750000,2.380000
-2.108077,-10.272388,0.229711,17.639999,6.230000,1.750000
-2.270789,-9.753145,0.088534,16.379999,3.990000,1.610000
-2.268396,-9.695717,0.057428,8.400000,2.940000,2.030000
-2.244468,-9.824929,-0.004786,-8.190000,1.680000,3.010000
-2.167897,-10.200603,-0.033500,-16.870001,-0.210000,4.340000
-2.076970,-10.370493,0.093320,-19.320000,-2.100000,5.320000
-2.017149,-10.537991,0.174676,-15.820000,-2.940000,4.970000
-2.084148,-10.569098,0.174676,-8.680000,-2.870000,4.690000
-2.124826,-10.418350,0.227318,-2.380000,-2.520000,4.690000
-2.096112,-10.301102,0.224925,1.190000,-1.750000,4.900000
-2.115255,-10.176675,0.143569,0.840000,-1.610000,5.530000
-2.096112,-10.171888,0.224925,-1.750000,-1.540000,6.650000
-2.143969,-10.202995,0.258425,-4.760000,-1.400000,8.330000
-2.210968,-10.214959,0.236889,-7.420000,-1.610000,9.450000
-2.196611,-10.214959,0.301496,-7.980000,-1.820000,10.150000
-2.182254,-10.157533,0.289532,-6.160000,-2.380000,10.920000
-2.163112,-10.023535,0.289532,-5.250000,-2.870000,10.290000
-2.115255,-9.906286,0.289532,-6.230000,-2.450000,9.870000
-2.158326,-9.827322,0.241675,-9.030000,-1.610000,9.940000
-2.084148,-9.817751,0.296710,-12.530000,-0.770000,10.430000
-2.019542,-9.765109,0.253639,-14.000000,0.280000,11.550000
-2.024328,-9.817751,0.289532,-13.230000,1.540000,12.880000
-2.069792,-9.769895,0.392423,-10.570000,2.450000,13.300000
-2.201397,-9.657433,0.354138,-6.440000,2.730000,13.020000
-2.232504,-9.499505,0.339781,-1.470000,2.310000,13.160000
-2.199004,-9.231510,0.332602,0.560000,2.030000,12.460000
-2.277967,-9.059227,0.330210,-0.630000,2.520000,10.850000
-2.172683,-8.953942,0.172283,-5.180000,3.010000,11.410000
-2.012364,-8.970692,0.200997,-7.420000,3.850000,13.020000
-1.954936,-8.970692,0.299103,-6.090000,5.600000,13.090000
-1.899901,-8.896514,0.253639,-2.100000,7.560000,12.530000
-1.887937,-8.597411,0.093320,1.610000,9.100000,12.460000
-1.904687,-8.245667,0.129212,2.940000,10.220000,12.040000
-1.971686,-8.111670,0.098106,2.730000,11.830000,11.550000
-1.904687,-7.910671,-0.014357,2.380000,12.250000,11.270000
-1.581656,-7.834101,0.050249,2.240000,12.530000,11.690000
-0.964308,-7.601997,0.392423,2.870000,12.740000,13.510000
-0.380459,-6.709475,0.701097,8.260000,14.630000,16.660000
0.387637,-5.340781,1.256232,10.850000,15.680000,17.219999
1.301696,-3.474378,1.385444,11.830000,19.320000,18.410000
1.718047,-1.122234,0.921237,2.660000,22.750000,22.610001
2.584249,2.019542,0.937986,-22.610001,30.100000,31.990000
2.983850,5.883951,1.368695,-48.160000,46.200001,29.469999
2.526821,10.985448,1.158126,-57.889999,63.630001,24.219999
1.351945,14.725430,0.519243,-50.400002,77.489998,32.689999
0.320638,17.161324,-2.194218,-54.110001,76.510002,47.529999
-0.921237,19.408184,-3.127419,-68.250000,67.970001,41.439999
-1.773082,21.877579,-2.084148,-70.769997,51.660000,-0.420000
-3.203990,20.346169,-2.268396,-87.919998,18.549999,-62.090000
-1.926222,17.304893,-3.534199,-113.959999,-12.320000,-102.760002
-0.976272,11.550155,2.266003,-98.840004,-34.020000,-114.590004
7.374680,-3.460021,4.656433,-54.880001,-10.360000,-126.770004
9.748360,-12.789637,2.787638,18.620001,24.639999,-147.630005
11.643474,-18.953548,2.522035,120.820000,60.060001,-166.320007
9.193225,-24.263220,2.285146,149.380005,62.160000,-193.059998
6.068198,-26.634510,0.870987,135.729996,52.990002,-196.559998
3.196811,-27.869204,0.868595,88.269997,40.599998,-166.250000
2.706282,-28.247271,-0.514457,13.930000,51.590000,-128.869995
1.375873,-29.828928,-2.667997,-56.700001,71.260002,-103.110001
1.143769,-30.769304,-4.036692,-103.809998,79.449997,-82.320000
-1.667797,-31.951361,-3.225525,-103.739998,73.500000,-68.529999
-4.338188,-33.310486,-3.469593,-69.090004,67.550003,-67.129997
-6.632904,-32.946774,-3.969693,-19.320000,51.869999,-76.230003
-6.568298,-29.391039,-4.704289,21.840000,27.650000,-71.680000
-4.500899,-26.301907,-5.393422,51.099998,4.480000,-49.560001
-3.141776,-23.909084,-4.460221,32.480000,-5.740000,-30.870001
-2.402394,-21.207586,-4.548756,-31.990000,10.850000,-10.150000
-2.852244,-20.925234,-4.488935,-45.570000,23.100000,8.890000
-3.390630,-20.429918,-4.383651,-37.380001,27.090000,28.420000
-3.739982,-18.802801,-3.574877,1.890000,14.980000,32.970001
-3.756732,-17.060825,-3.201597,50.820000,-7.490000,25.690001
-3.452843,-15.103497,-3.046063,93.029999,-28.770000,19.180000
-2.799603,-13.009777,-3.043670,120.050003,-42.490002,15.750000
-2.041078,-11.263017,-3.029313,127.610001,-48.439999,12.460000
-1.038485,-9.925428,-2.189433,108.639999,-47.740002,10.430000
0.071785,-8.386844,-0.947558,71.889999,-40.320000,10.640000
0.902094,-7.156933,0.011964,28.070000,-27.299999,12.180000
0.923629,-7.204789,0.291924,-13.930000,-13.860000,12.740000
0.514457,-8.729016,0.524028,-46.410000,-4.060000,16.590000
0.368495,-9.585647,0.732204,-59.570000,5.110000,18.690001
0.662812,-10.124033,0.765703,-39.340000,9.590000,13.160000
1.119841,-10.092925,0.662812,-8.190000,10.150000,4.130000
1.385444,-9.963714,0.301496,20.020000,7.980000,-3.570000
1.404587,-9.442079,0.191426,31.990000,5.670000,-6.860000
1.162912,-8.891729,0.129212,30.870001,6.860000,-5.880000
0.954736,-8.922836,-0.153141,21.629999,10.850000,-2.590000
0.792024,-9.418150,-0.531207,6.790000,13.580000,2.310000
0.751346,-9.678967,-0.698704,-8.260000,12.950000,7.980000
0.684347,-9.614362,-0.808774,-14.840000,10.010000,10.500000
0.583849,-9.839286,-1.074377,-12.390000,6.580000,7.490000
0.380459,-9.973285,-1.036092,-9.870000,3.990000,4.620000
0.095713,-9.798609,-1.055235,-2.100000,3.990000,4.620000
-0.021535,-10.102496,-1.067199,5.460000,-1.120000,5.600000
-0.088534,-10.289137,-0.866202,14.210000,-1.470000,7.070000
-0.021535,-10.308280,-0.765703,25.270000,-1.820000,7.350000
-0.011964,-10.317852,-0.765703,36.259998,-2.870000,6.370000
0.047856,-10.193424,-0.806381,44.029999,-4.900000,6.090000
0.066999,-9.848858,-0.868595,44.869999,-6.440000,4.970000
0.105284,-9.621540,-0.813560,38.849998,-6.510000,3.150000
0.069392,-9.480364,-0.734596,26.880001,-5.880000,1.890000
0.076570,-9.690931,-0.492921,13.650000,-5.390000,2.030000
0.311067,-10.473385,-0.210568,2.310000,-5.670000,3.710000
0.311067,-10.473385,-0.031107,-1.820000,-5.810000,4.480000
0.184247,-10.913664,0.086142,3.500000,-5.390000,3.640000
0.002393,-10.959127,0.112463,20.299999,-4.760000,0.070000
-0.081356,-10.877771,0.095713,30.309999,-5.320000,-0.700000
-0.019143,-10.425529,0.208176,35.279999,-6.160000,-1.610000
0.203390,-9.863215,0.059821,34.299999,-7.280000,-3.850000
0.354138,-9.494720,-0.102891,26.530001,-7.280000,-6.160000
0.366102,-9.351151,0.093320,11.830000,-5.180000,-6.300000
0.232104,-9.690931,0.370888,-4.620000,0.210000,-3.150000
-0.064606,-9.920642,0.291924,-19.389999,5.600000,1.400000
-0.421137,-10.126426,0.287139,-26.040001,8.400000,3.570000
-0.660419,-10.456635,0.143569,-23.940001,6.720000,2.940000
-0.722632,-10.657632,0.315853,-16.520000,2.800000,2.170000
-0.667598,-10.722239,0.500100,-5.810000,-0.490000,2.170000
-0.457029,-10.480563,0.528814,10.710000,-2.800000,2.520000
-0.208176,-10.279566,0.177069,20.860001,-3.990000,2.660000
0.064606,-9.918249,0.038285,27.860001,-4.760000,3.220000
0.081356,-9.597611,0.236889,29.469999,-3.570000,3.710000
-0.045464,-9.166903,0.457029,25.480000,-1.260000,3.710000
-0.236889,-8.817552,0.488136,18.059999,0.700000,3.850000
-0.299103,-8.824730,0.454636,7.070000,0.910000,4.130000
-0.141177,-8.970692,0.459422,-6.090000,0.280000,4.480000
-0.031107,-9.064013,0.545564,-14.070000,0.700000,4.060000
-0.045464,-9.530612,0.516850,-13.790000,2.730000,4.060000
-0.052642,-9.930215,0.519243,-7.210000,4.130000,3.220000
-0.055035,-9.973285,0.528814,3.710000,3.570000,0.350000
0.062213,-9.846465,0.167498,16.170000,0.980000,-2.870000
0.016750,-9.664611,0.196211,26.740000,-1.890000,-6.090000
-0.047856,-9.422935,-0.122034,27.020000,-0.420000,-7.210000
0.028714,-9.434900,-0.038285,23.940001,2.170000,-9.450000
0.258425,-9.786645,0.107677,15.610000,0.420000,-11.900000
0.102891,-10.279566,0.081356,5.530000,-1.470000,-9.590000
-0.445065,-10.805987,0.306281,2.380000,-3.780000,-4.760000
-0.583849,-11.193624,0.394816,10.430000,-5.740000,0.070000
-0.203390,-11.033305,0.538385,21.770000,-9.030000,-3.220000
-0.153141,-10.497313,0.373280,32.200001,-11.900000,-6.860000
-0.210568,-9.896714,0.413958,32.830002,-16.799999,-1.540000
-0.258425,-9.229117,0.698704,21.629999,-17.639999,1.470000
-0.399601,-9.042477,0.751346,6.230000,-14.490000,-2.100000
-0.323031,-9.233903,0.669990,-7.420000,-7.700000,-1.890000
0.284746,-9.671788,0.729811,-20.650000,3.220000,1.120000
0.923629,-10.030712,0.911665,-20.230000,13.090000,-2.380000
0.485743,-10.207782,0.847059,-12.390000,21.139999,-9.030000
-0.629312,-9.875179,0.433101,-3.220000,18.480000,-17.780001
-1.383051,-10.786844,0.626920,4.270000,13.650000,-10.430000
-0.823131,-10.380065,0.662812,13.650000,10.990000,5.950000
-0.052642,-9.621540,0.653241,18.270000,14.070000,3.360000
-0.251246,-9.358330,0.102891,11.200000,5.600000,-0.350000
-0.449851,-9.343972,0.480957,-2.380000,-8.120000,7.420000
-3.756732,-6.604190,2.201397,-9.800000,-16.590000,12.950000
-3.756732,-6.604190,2.201397,-12.460000,-12.600000,5.530000
-0.378066,-10.310673,0.964308,-17.780001,-8.680000,-4.480000
0.043071,-10.415956,1.012164,-15.120000,-8.750000,-3.290000
0.437887,-10.327423,1.239482,-2.590000,-8.120000,-8.330000
0.385244,-10.320245,1.031307,10.920000,-3.920000,-12.460000
-0.224925,-10.834702,0.847059,15.680000,-6.090000,-4.900000
-0.334995,-10.473385,1.107877,16.590000,-14.140000,19.460001
-0.557528,-9.616754,0.964308,21.280001,-20.719999,28.000000
0.287139,-10.114462,1.261017,15.680000,-9.590000,10.010000
0.287139,-10.114462,1.261017,15.680000,-9.590000,10.010000
1.430908,-10.966305,1.304088,19.809999,-1.330000,1.820000
1.653440,-9.647861,0.641276,32.480000,14.490000,-17.290001
0.899701,-9.614362,1.241875,26.809999,34.090000,-37.869999
-1.655833,-9.841680,0.191426,19.040001,33.459999,-25.270000
-2.773281,-9.705289,0.296710,7.490000,16.940001,3.850000
-1.356731,-9.073583,0.466600,-13.930000,-11.410000,7.630000
0.401994,-9.489935,0.715454,-21.910000,-14.910000,-1.960000
1.064806,-10.011569,0.921237,-20.510000,-7.420000,-1.470000
0.775275,-10.009177,0.882952,-15.610000,5.600000,0.350000
-0.064606,-9.686146,0.708275,-11.340000,13.090000,-3.290000
-0.605384,-9.600004,0.440279,-8.890000,9.520000,-5.600000
-0.629312,-9.734003,0.382852,-6.510000,-1.260000,-3.080000
-0.174676,-9.808180,0.473779,-2.940000,-9.730000,-0.210000
0.181855,-9.870394,0.605384,1.540000,-11.130000,-0.840000
0.406780,-9.832108,0.720240,6.370000,-6.090000,-1.960000
0.370888,-9.911072,0.782453,10.780000,-0.560000,-1.750000
-0.009571,-9.774680,0.863809,12.250000,1.260000,-0.770000
-0.038285,-9.676575,0.928415,10.850000,-0.560000,-0.210000
-0.033500,-9.523434,0.961915,6.930000,-4.200000,-0.490000
-0.119641,-9.489935,0.954736,2.520000,-4.410000,-1.330000
-0.253639,-9.700503,0.861416,-1.820000,-3.080000,-1.260000
-0.150748,-9.918249,0.818345,-5.530000,-2.380000,0.070000
-0.038285,-10.033106,0.995414,-6.090000,-2.450000,0.420000
0.045464,-10.183852,1.122234,-2.240000,-2.730000,-0.840000
0.126820,-10.133603,1.148555,3.360000,-2.870000,-2.240000
0.141177,-10.006784,1.129412,7.490000,-3.010000,-3.080000
0.090927,-9.906286,1.110270,8.960000,-2.380000,-3.570000
0.088534,-9.918249,1.103091,7.420000,-1.260000,-2.940000
0.086142,-9.927821,1.043271,4.480000,0.210000,-1.610000
0.136391,-9.899107,0.945165,-0.070000,1.400000,-0.840000
0.055035,-9.934999,1.016950,-1.890000,1.260000,-0.490000
0.033500,-10.102496,0.966700,-1.960000,0.630000,0.560000
0.088534,-10.047462,0.947558,-0.840000,-0.070000,0.980000
0.052642,-9.908678,0.952343,2.310000,-0.280000,0.980000
0.081356,-9.858429,0.875773,4.340000,0.070000,-1.190000
0.031107,-9.729217,0.887737,3.990000,0.770000,-1.680000
-0.021535,-9.652647,0.902094,2.030000,1.400000,-1.680000
0.023928,-9.643075,0.813560,-0.070000,1.610000,-0.490000
0.045464,-9.719646,0.801596,-1.050000,1.680000,0.210000
0.102891,-9.753145,1.002593,-1.750000,2.450000,-0.770000
0.102891,-9.753145,1.002593,-2.030000,2.800000,-0.980000
-0.189033,-9.992428,0.672383,-2.450000,3.290000,-0.770000
0.112463,-10.207782,0.693919,1.820000,2.450000,-0.840000
0.272782,-10.353743,0.945165,17.290001,2.590000,-0.280000
0.122034,-9.975677,0.581456,24.080000,3.920000,-1.330000
-0.311067,-9.662218,-0.086142,28.490000,4.900000,-1.330000
-0.397209,-9.523434,0.641276,25.690001,-1.050000,-0.770000
-0.021535,-9.315259,0.756132,17.639999,-5.110000,1.260000
0.098106,-9.243474,0.957129,5.810000,-7.420000,2.940000
-0.088534,-9.298509,1.071985,-4.480000,-4.690000,3.150000
-0.461815,-9.544970,1.045663,-11.970000,-6.720000,-0.210000
0.535992,-9.994821,0.870987,-10.780000,-8.400000,-0.840000
0.260818,-10.066606,1.086342,-2.030000,-4.690000,3.080000
