0.351745,-9.712467,0.727418,81.900002,21.350000,-33.670002
0.351745,-9.678967,0.732204,1.400000,0.910000,0.420000
0.401994,-9.655040,0.715454,0.840000,1.050000,0.490000
0.327817,-9.717253,0.658026,0.700000,1.330000,0.490000
0.258425,-9.705289,0.641276,0.560000,1.470000,0.350000
0.267996,-9.669396,0.715454,0.420000,1.400000,-0.210000
0.224925,-9.645468,0.705883,0.280000,0.910000,-0.560000
0.318245,-9.700503,0.681954,0.210000,0.350000,-0.700000
0.313460,-9.714860,0.727418,0.350000,-0.070000,-0.560000
0.349352,-9.734003,0.705883,0.560000,-0.070000,-0.420000
0.284746,-9.717253,0.698704,0.700000,0.560000,-0.210000
0.241675,-9.655040,0.650848,0.420000,0.770000,-0.210000
0.258425,-9.686146,0.674776,-0.350000,0.910000,-0.560000
0.253639,-9.678967,0.715454,-1.190000,0.910000,-0.770000
0.299103,-9.738789,0.734596,-1.610000,0.840000,-0.770000
0.354138,-9.786645,0.701097,-1.890000,0.420000,-0.910000
0.323031,-9.829715,0.720240,-1.750000,0.070000,-0.910000
0.311067,-9.829715,0.674776,-1.330000,0.070000,-0.840000
0.294317,-9.796216,0.667598,-0.840000,0.210000,-0.700000
0.315853,-9.741181,0.662812,-0.490000,-0.280000,-0.840000
0.330210,-9.736395,0.720240,-0.210000,-0.700000,-1.050000
0.370888,-9.714860,0.725025,-0.350000,-0.840000,-1.050000
0.346959,-9.724431,0.734596,-0.770000,-1.120000,-1.120000
0.385244,-9.714860,0.760918,-1.750000,-1.610000,-0.910000
0.282353,-9.690931,0.758525,-2.100000,-1.050000,-0.770000
0.129212,-9.815358,0.703490,-2.380000,-0.770000,-0.910000
0.155533,-9.774680,0.736989,-2.240000,-0.980000,-1.260000
0.177069,-9.832108,0.799203,-1.330000,-0.980000,-1.610000
0.227318,-9.889536,0.758525,-0.840000,-0.910000,-1.680000
0.323031,-9.858429,0.725025,-0.910000,-0.700000,-1.820000
0.315853,-9.865608,0.751346,-0.770000,-0.490000,-1.540000
0.327817,-9.822537,0.842274,-1.260000,-0.280000,-1.400000
0.267996,-9.832108,0.787239,-1.470000,-0.700000,-1.260000
0.267996,-9.832108,0.787239,-1.400000,-1.260000,-1.120000
0.375673,-9.954143,0.823131,-0.980000,-1.610000,-0.910000
0.378066,-9.911072,0.835095,-0.980000,-1.120000,-1.050000
0.282353,-9.784252,0.830309,-0.140000,-1.050000,-0.770000
0.260818,-9.777073,0.746561,-0.350000,-1.190000,-0.490000
0.296710,-9.824929,0.765703,-1.400000,-1.470000,-0.350000
0.373280,-9.868000,0.789631,-2.310000,-1.540000,-0.350000
0.320638,-9.908678,0.760918,-2.100000,-1.330000,-0.140000
0.358923,-9.911072,0.753739,-1.890000,-1.050000,-0.140000
0.217747,-9.848858,0.729811,-1.330000,-0.630000,0.070000
0.236889,-9.875179,0.679562,-0.840000,-0.700000,-0.140000
0.282353,-9.879964,0.696311,-0.700000,-0.980000,-0.140000
0.342174,-9.877571,0.720240,-0.490000,-1.190000,-0.070000
0.375673,-9.772287,0.662812,-0.560000,-1.260000,0.140000
0.418744,-9.815358,0.643669,-0.630000,-1.260000,0.280000
0.433101,-9.793823,0.619741,-1.610000,-1.680000,0.770000
0.390030,-9.844072,0.650848,-1.680000,-1.750000,0.770000
0.275175,-9.793823,0.569492,-1.890000,-2.100000,0.840000
0.239282,-9.760324,0.562313,-1.820000,-2.800000,0.770000
0.299103,-9.724431,0.490529,-1.330000,-3.360000,0.560000
0.351745,-9.801002,0.540778,-1.400000,-3.780000,0.350000
0.382852,-9.798609,0.543171,-1.190000,-3.780000,0.420000
0.387637,-9.798609,0.567099,-1.120000,-3.990000,0.910000
0.256032,-9.724431,0.569492,-1.260000,-4.340000,1.470000
0.277567,-9.717253,0.497707,-1.750000,-5.180000,1.680000
0.296710,-9.707682,0.507278,-2.380000,-5.670000,1.610000
0.337388,-9.753145,0.485743,-3.010000,-5.740000,1.400000
0.246461,-9.741181,0.567099,-4.270000,-5.390000,1.330000
0.112463,-9.760324,0.559920,-4.760000,-4.900000,1.260000
0.014357,-9.836893,0.409173,-5.320000,-4.620000,1.190000
-0.062213,-9.829715,0.334995,-5.670000,-4.480000,1.120000
-0.014357,-9.812965,0.299103,-6.160000,-4.410000,0.700000
0.004786,-9.841680,0.239282,-6.440000,-4.550000,0.140000
0.078963,-9.865608,0.296710,-6.720000,-4.830000,0.140000
0.105284,-9.899107,0.299103,-6.300000,-5.530000,0.210000
0.160319,-9.932607,0.397209,-6.300000,-6.510000,0.840000
0.205783,-9.939785,0.342174,-6.300000,-7.630000,1.470000
0.217747,-9.930215,0.361316,-5.670000,-8.680000,1.820000
0.229711,-9.901501,0.387637,-5.460000,-9.030000,2.030000
0.246461,-9.858429,0.421137,-4.550000,-9.380000,2.100000
0.291924,-9.808180,0.452243,-3.430000,-9.940000,1.540000
0.289532,-9.863215,0.495314,-2.800000,-10.150000,1.120000
0.418744,-9.899107,0.586242,-2.380000,-10.500000,0.630000
0.500100,-9.978070,0.739382,-2.310000,-10.640000,0.630000
0.576670,-9.891929,0.811167,-2.310000,-10.780000,0.910000
0.512064,-9.899107,0.854238,-2.800000,-10.780000,1.610000
0.461815,-9.812965,0.765703,-3.710000,-10.500000,2.450000
0.413958,-9.774680,0.808774,-4.970000,-9.870000,2.800000
0.413958,-9.745967,0.859023,-5.390000,-9.240000,2.520000
0.392423,-9.865608,0.902094,-5.180000,-8.750000,1.960000
0.392423,-9.865608,0.902094,-3.850000,-8.120000,1.750000
0.457029,-9.774680,0.892523,-2.450000,-7.420000,1.820000
0.466600,-9.784252,0.825524,-2.100000,-7.000000,1.750000
0.543171,-9.803394,0.768096,-3.220000,-6.300000,1.190000
0.564706,-9.777073,0.736989,-4.270000,-6.090000,0.840000
0.607777,-9.803394,0.722632,-4.480000,-5.950000,0.840000
0.658026,-9.801002,0.753739,-4.060000,-5.670000,0.910000
0.581456,-9.745967,0.777667,-3.430000,-5.530000,1.050000
0.552742,-9.798609,0.799203,-2.450000,-5.670000,0.840000
0.636491,-9.870394,0.882952,-1.750000,-6.160000,0.140000
0.739382,-9.846465,0.909273,-0.700000,-6.720000,-0.770000
0.799203,-9.846465,0.990629,1.120000,-7.000000,-1.750000
0.926022,-9.710074,1.296910,2.660000,-7.490000,-3.080000
1.086342,-9.561719,1.517050,4.900000,-8.610000,-5.460000
1.229911,-9.377472,1.830509,10.220000,-11.130000,-8.890000
1.450050,-9.327222,2.512464,20.790001,-15.750000,-16.240000
1.871187,-9.308081,3.273381,24.500000,-19.950001,-22.540001
2.438286,-9.267403,4.625326,14.280000,-25.900000,-28.210001
3.201597,-9.028119,6.329016,-9.520000,-32.410000,-34.230000
4.096512,-9.114261,7.929814,-41.650002,-37.730000,-42.070000
5.259424,-9.865608,9.868000,-70.559998,-38.080002,-47.740002
6.630512,-11.322837,13.328021,-84.000000,-28.910000,-49.209999
7.381857,-13.368701,20.374884,-80.709999,-6.300000,-45.779999
6.695118,-15.163318,28.201807,-50.189999,22.330000,-32.759998
5.355137,-17.400606,33.420555,20.719999,58.240002,-11.760000
5.522634,-19.927427,33.882366,89.250000,121.660004,15.190001
8.140383,-18.922441,28.426733,124.739998,202.440002,34.509998
16.275980,-9.954143,24.550360,128.520004,299.880005,27.719999
17.860029,-5.895915,17.857635,13.790000,499.799988,-12.670000
17.218752,-3.940979,7.233503,-128.729996,627.619995,-14.980000
16.488941,-3.625126,-7.202396,-286.929993,670.950012,7.840000
19.664217,-5.460421,-19.745573,-411.110016,634.479980,42.980000
19.214367,-5.769095,-32.963524,-460.320007,549.429993,90.370003
16.800009,-6.754939,-47.411388,-330.329987,375.200012,146.509995
16.350157,-7.886744,-59.121861,-75.669998,189.910004,137.339996
15.156138,-5.412565,-58.695934,130.619995,86.309998,54.110001
8.130811,-0.993021,-50.443092,253.399994,-7.000000,-17.430000
3.586841,2.565106,-41.257046,322.839996,-130.339996,-11.060000
1.529014,5.027320,-32.011181,312.619995,-208.669998,12.670000
0.358923,3.263810,-23.598019,268.170013,-224.000000,22.540001
-0.533599,0.983450,-13.706088,181.720001,-206.149994,30.520000
-2.895315,-0.014357,-5.771489,84.000000,-157.710007,13.790000
-5.730811,-2.246860,-1.914258,73.010002,-130.550003,1.680000
-7.738388,-4.883751,-0.363709,65.099998,-142.240005,3.990000
-8.444271,-6.623333,0.897308,55.439999,-187.529999,5.600000
-7.183254,-7.374680,3.065206,47.880001,-226.729996,7.280000
-4.505685,-7.357929,5.101498,37.590000,-236.600006,8.820000
-1.773082,-7.281359,6.616155,14.490000,-220.710007,9.170000
0.131605,-7.345965,7.702496,-13.160000,-186.759995,6.090000
1.074377,-8.449057,7.812566,-32.480000,-146.930008,2.870000
1.146162,-9.908678,7.188039,-41.090000,-117.529999,0.420000
1.107877,-10.839487,6.857830,-44.310001,-102.620003,-2.100000
1.940579,-10.760524,6.364908,-43.119999,-95.900002,-3.710000
2.656033,-11.088341,6.324231,-40.459999,-87.150002,-4.270000
3.110669,-11.392227,6.300302,-42.840000,-75.739998,-3.290000
3.194418,-11.863614,6.111269,-43.470001,-61.459999,-1.820000
2.895315,-12.181859,5.673382,-40.459999,-48.090000,0.280000
2.545963,-12.191431,4.948357,-36.259998,-38.500000,2.030000
2.452643,-11.913863,4.400401,-33.110001,-32.549999,2.240000
2.478964,-11.483156,4.041477,-30.450001,-27.790001,0.560000
2.419144,-11.325230,3.850052,-27.090000,-22.469999,-1.680000
2.208575,-11.413764,3.885944,-23.870001,-17.780001,-3.430000
1.820938,-11.588440,3.658626,-19.320000,-14.840000,-4.200000
1.476372,-11.830115,3.381058,-11.970000,-13.580000,-3.500000
1.330409,-11.693724,3.230310,-3.500000,-12.250000,-2.100000
1.143769,-11.325230,2.868994,5.740000,-7.840000,0.560000
1.081556,-10.805987,2.524428,5.600000,-4.760000,2.380000
0.835095,-10.076177,2.292324,-5.880000,2.800000,3.850000
0.562313,-9.719646,2.170290,-5.880000,2.800000,3.850000
0.222532,-9.600004,1.892723,-9.380000,3.150000,3.710000
0.160319,-10.021141,1.751546,-8.750000,1.190000,3.360000
0.244068,-10.253245,1.703690,-3.430000,-0.630000,2.660000
0.224925,-10.188639,1.289732,3.640000,-1.540000,2.030000
0.717847,-10.025927,1.067199,8.680000,-1.540000,1.190000
0.830309,-9.664611,0.957129,8.260000,-0.490000,0.560000
0.744168,-9.310472,0.775275,3.430000,1.050000,0.070000
0.744168,-9.310472,0.775275,-2.030000,1.610000,-0.350000
0.607777,-10.011569,0.823131,-6.090000,1.330000,-0.350000
0.760918,-10.164711,0.784846,-3.920000,0.770000,-0.350000
0.813560,-10.023535,0.605384,-0.700000,0.350000,-0.980000
0.782453,-9.812965,0.466600,2.660000,1.470000,-1.820000
0.758525,-9.659825,0.428315,3.920000,3.010000,-2.660000
0.583849,-9.769895,0.600598,3.430000,3.710000,-3.500000
0.514457,-9.875179,0.593420,2.240000,3.570000,-3.780000
0.423530,-10.011569,0.648455,2.940000,2.870000,-3.780000
0.454636,-10.011569,0.610170,3.990000,2.030000,-3.710000
0.504886,-9.966106,0.593420,4.060000,1.400000,-3.640000
0.461815,-9.815358,0.696311,2.800000,0.980000,-3.290000
0.346959,-9.911072,0.617348,2.240000,1.120000,-2.520000
0.272782,-10.102496,0.622134,1.470000,1.190000,-1.750000
0.282353,-10.265208,0.674776,0.490000,0.350000,-1.050000
0.318245,-10.344172,0.736989,0.770000,-0.210000,-0.910000
0.363709,-10.334601,0.734596,1.960000,-0.560000,-0.490000
0.394816,-10.348958,0.669990,2.870000,-0.350000,0.700000
0.315853,-10.341780,0.715454,3.640000,-0.420000,1.330000
0.346959,-10.447062,0.643669,4.060000,-1.050000,1.470000
0.363709,-10.557133,0.713061,4.830000,-1.750000,2.310000
0.411566,-10.624132,0.696311,5.530000,-2.170000,3.080000
0.464208,-10.593026,0.653241,5.670000,-2.520000,3.780000
0.533599,-10.597812,0.713061,6.090000,-2.310000,4.410000
0.519243,-10.559525,0.734596,6.860000,-1.820000,5.320000
0.449851,-10.669596,0.729811,7.980000,-1.470000,6.440000
0.418744,-10.753345,0.631705,9.730000,-1.470000,7.560000
0.464208,-10.743774,0.679562,11.690000,-1.330000,8.750000
0.332602,-10.604989,0.796810,12.460000,-1.610000,11.830000
0.236889,-10.724631,0.756132,13.720000,-1.120000,13.370000
0.055035,-10.896914,0.710668,14.280000,-1.260000,14.560000
-0.050249,-11.100305,0.727418,16.379999,-1.750000,15.960000
-0.112463,-11.011770,0.646062,17.990000,-2.520000,17.990000
-0.031107,-10.904092,0.703490,19.250000,-3.640000,19.950001
0.021535,-10.846665,0.859023,18.410000,-4.060000,21.700001
0.045464,-10.801201,1.064806,15.960000,-3.920000,23.660000
-0.088534,-10.887343,0.947558,14.420000,-3.290000,26.110001
-0.256032,-11.033305,0.770489,13.300000,-3.360000,28.210001
-0.203390,-11.097912,0.758525,10.290000,-4.900000,29.820000
-0.052642,-11.191232,0.839881,8.050000,-6.300000,31.570000
0.126820,-11.231910,0.902094,5.460000,-6.300000,36.119999
0.117248,-11.143374,0.854238,4.760000,-4.760000,39.340000
0.004786,-10.992627,0.722632,4.550000,-3.010000,41.790001
-0.205783,-10.791630,0.598206,4.410000,-2.310000,43.750000
-0.306281,-10.585848,0.461815,4.410000,-2.730000,45.639999
-0.279960,-10.279566,0.571885,3.640000,-3.920000,47.740002
-0.145962,-9.946963,0.744168,1.470000,-4.410000,50.119999
-0.141177,-9.781858,0.641276,1.470000,-3.710000,52.220001
-0.193819,-9.592826,0.550349,-1.680000,-2.240000,53.689999
-0.248854,-9.341579,0.569492,-1.470000,-1.190000,55.090000
-0.153141,-9.008978,0.559920,0.140000,-1.190000,55.930000
0.062213,-8.492127,0.588634,3.220000,-2.170000,56.279999
0.997807,-7.195218,0.390030,8.540000,-3.220000,56.420002
1.741975,-6.266802,0.234497,18.690001,-5.320000,55.860001
2.811567,-4.807181,0.287139,26.389999,-7.280000,53.689999
4.153940,-2.754139,0.284746,34.720001,-9.100000,49.490002
5.515456,0.301496,0.050249,44.869999,-9.450000,45.430000
6.637690,4.505685,-0.177069,59.220001,-8.260000,43.189999
7.712067,10.616954,0.705883,76.440002,-3.710000,46.619999
7.427321,18.044275,1.933401,88.269997,7.770000,57.189999
5.419744,28.687550,2.947958,96.599998,30.940001,50.750000
1.737189,41.448471,1.203590,121.660004,69.370003,19.389999
-3.462414,51.239902,-3.761517,154.000000,125.160004,-37.730000
-6.245267,46.006802,-9.413363,160.509995,139.649994,-163.940002
-2.593820,42.733421,1.718047,29.260000,62.790001,-445.410004
3.450450,29.714069,2.806781,-24.010000,-14.070000,-766.570007
16.151552,14.780465,0.294317,-104.440002,-169.050003,-795.200012
46.317863,1.423729,-3.840480,-317.660004,-133.419998,-829.989990
70.305916,-13.859229,-15.594026,-418.739990,-44.029999,-721.280029
61.129440,-55.180885,-15.689737,-259.839996,121.730003,-362.529999
41.857647,-78.398445,-32.176285,-405.160004,228.479996,-9.660000
6.044270,-78.398445,3.783052,-339.079987,25.270000,-286.579987
1.933401,-68.518471,-10.341780,-96.599998,1.330000,-146.860001
3.869194,-38.199020,-11.277373,-17.850000,-17.500000,123.690002
6.664011,-34.339397,-9.693325,-56.000000,-147.419998,89.250000
6.405586,-37.057644,-5.051248,-50.470001,-145.949997,77.699997
6.039484,-29.170898,-1.399801,5.390000,-72.800003,100.730003
1.057628,-19.439291,3.345166,48.439999,-38.080002,70.910004
-0.344566,-17.776279,2.531606,77.629997,-31.360001,73.220001
0.078963,-15.261423,2.464607,63.700001,-35.000000,90.580002
1.739582,-13.856836,2.775674,52.709999,-47.880001,86.870003
3.536592,-13.304093,3.440879,49.840000,-57.680000,79.449997
4.350152,-12.562319,3.888337,55.720001,-54.670002,77.139999
4.158726,-11.916256,3.972085,76.300003,-45.570000,72.449997
3.627519,-10.509278,3.596412,101.150002,-35.490002,64.889999
3.376273,-8.666803,2.758924,118.580002,-24.920000,59.779999
3.402594,-6.716653,2.335395,117.389999,-16.730000,57.400002
3.897908,-6.539584,1.730011,99.889999,-7.140000,50.189999
3.766303,-4.701896,2.124826,73.779999,7.980000,36.259998
3.689733,-4.589434,1.155733,71.540001,16.590000,35.000000
3.460021,-4.048656,0.736989,48.860001,12.040000,41.020000
3.464807,-3.981657,0.404387,11.760000,4.620000,37.450001
4.067799,-4.515256,-0.059821,-9.240000,-2.800000,34.230000
4.859823,-5.022535,-0.299103,-21.350000,-9.240000,34.160000
5.302495,-5.338387,-0.177069,-24.150000,-12.040000,30.170000
5.690133,-5.950950,-0.222532,-17.990000,-8.190000,24.780001
5.422136,-6.381658,-0.241675,-7.700000,-2.870000,20.719999
5.292924,-6.640083,-0.126820,2.800000,0.210000,16.379999
4.953143,-6.896115,-0.124427,9.100000,0.700000,11.900000
4.811966,-7.168896,-0.021535,12.250000,1.260000,9.520000
4.689932,-7.910671,-0.215354,10.010000,1.260000,9.310000
4.680361,-8.796017,-0.023928,1.610000,0.140000,10.430000
4.252046,-10.439885,0.713061,-4.690000,0.630000,12.530000
3.818945,-11.332408,0.789631,-8.400000,-0.210000,19.040001
3.457629,-11.916256,1.012164,-10.710000,-1.470000,23.030001
3.110669,-12.564712,1.217947,-9.170000,-0.980000,25.340000
2.768496,-13.170096,1.629512,-4.060000,-0.700000,28.280001
2.366502,-13.674981,1.765903,3.500000,-0.770000,32.900002
2.254039,-14.019548,1.684547,10.430000,-1.540000,38.570000
2.215754,-14.268401,1.684547,14.490000,-2.240000,44.799999
2.337788,-14.232510,1.751546,18.129999,-1.820000,51.170002
2.376073,-14.196616,1.813759,21.980000,-0.840000,57.189999
2.335395,-14.009976,1.574477,26.389999,0.070000,62.510002
2.388037,-13.825729,1.299303,31.920000,0.910000,66.709999
2.433501,-13.536198,1.251446,38.570000,1.960000,70.559998
2.445465,-13.284950,1.138984,44.380001,3.010000,73.919998
2.502892,-12.902101,1.083949,50.889999,2.940000,77.910004
2.507678,-12.540783,1.124627,55.930000,2.870000,80.080002
2.426322,-12.102897,1.095913,61.250000,2.800000,83.720001
2.311467,-11.490334,1.050449,67.059998,2.870000,88.410004
2.175076,-11.004591,0.935594,67.690002,2.100000,92.190002
2.088934,-10.607382,0.796810,62.580002,1.330000,94.360001
1.954936,-10.267602,0.909273,56.770000,0.630000,95.410004
1.854438,-10.009177,0.949951,54.320000,1.540000,95.550003
1.715654,-9.877571,0.954736,51.869999,2.660000,95.410004
1.682154,-9.678967,0.739382,50.330002,3.780000,95.059998
1.646262,-9.434900,0.796810,49.910000,5.530000,94.430000
1.222732,-8.774480,1.162912,50.049999,7.070000,93.730003
0.947558,-8.451449,1.119841,50.119999,7.210000,92.680000
0.873380,-8.123632,0.990629,47.599998,5.530000,91.349998
0.813560,-7.920243,0.952343,43.259998,3.710000,89.809998
0.799203,-7.814958,1.045663,38.570000,2.030000,87.849998
0.734596,-7.747960,1.172483,34.230000,0.910000,85.540001
0.581456,-7.613962,1.330409,31.639999,0.840000,82.949997
0.380459,-7.570890,1.521835,30.660000,0.560000,80.080002
0.110070,-7.546963,1.584049,31.080000,0.630000,77.000000
-0.122034,-7.506285,1.574477,31.150000,0.490000,73.639999
-0.203390,-7.465607,1.643869,31.150000,-1.050000,70.139999
-0.133998,-7.379465,1.777867,29.820000,-2.520000,67.199997
-0.172283,-7.336394,1.964507,28.559999,-3.360000,64.959999
-0.167498,-7.286145,1.892723,27.299999,-2.520000,62.930000
-0.334995,-7.269395,1.859223,23.660000,-0.840000,59.990002
-0.540778,-7.255038,2.014757,20.020000,-0.840000,57.959999
-0.873380,-7.188039,2.179861,17.639999,0.770000,55.090000
-1.093520,-7.070791,2.215754,14.910000,0.770000,52.080002
-1.234696,-7.070791,2.230111,11.690000,-0.840000,49.139999
-1.301696,-7.159326,2.318645,9.380000,-2.590000,46.340000
-1.213161,-7.302894,2.462214,9.030000,-3.150000,43.610001
-1.186840,-7.439285,2.464607,9.870000,-2.240000,40.880001
-1.270589,-7.511070,2.323431,11.410000,-0.070000,37.869999
-1.421337,-7.467999,2.237289,12.600000,2.310000,34.930000
-1.684547,-7.331609,2.261217,10.010000,3.010000,32.549999
-1.957329,-7.310073,2.545963,5.530000,1.610000,30.799999
-2.139183,-7.774280,2.600998,0.350000,-1.190000,28.910000
-2.093720,-8.049455,2.648855,-1.050000,-4.270000,25.760000
-2.026721,-8.267202,2.639283,2.450000,-4.200000,23.730000
-2.055435,-8.152347,2.569891,6.160000,-3.430000,21.420000
-2.246860,-8.130811,2.687140,9.310000,-3.360000,18.900000
-2.421536,-7.992027,2.840281,10.220000,-3.920000,17.150000
-2.581856,-8.099705,2.935993,9.940000,-4.550000,15.960000
-2.667997,-8.226524,2.991028,9.030000,-5.460000,14.910000
-2.569891,-8.405986,3.058028,8.680000,-6.790000,14.070000
-2.438286,-8.405986,3.223132,8.050000,-7.420000,13.370000
-2.419144,-8.322237,3.249453,7.980000,-6.300000,12.250000
-2.411965,-8.334201,3.247060,7.630000,-4.340000,10.850000
-2.591427,-8.348558,3.285345,6.510000,-3.080000,9.800000
-2.758924,-8.405986,3.385844,6.300000,-2.800000,8.610000
-2.782853,-8.434700,3.479164,7.000000,-3.500000,7.840000
-2.679961,-8.456236,3.337988,7.490000,-3.780000,7.070000
-2.579463,-8.499306,3.299703,7.560000,-3.780000,6.300000
-2.524428,-8.422735,3.357130,7.980000,-3.010000,5.460000
-2.512464,-8.437093,3.294917,7.140000,-1.890000,4.620000
-2.605784,-8.348558,3.201597,5.880000,-2.030000,3.780000
-2.636890,-8.458629,3.194418,4.480000,-2.800000,3.150000
-2.603391,-8.465806,3.254239,2.940000,-2.800000,3.080000
-2.500499,-8.575876,3.213561,2.380000,-2.870000,2.870000
-2.462214,-8.717053,3.333202,2.030000,-3.080000,2.730000
-2.328217,-8.659625,3.304488,2.800000,-2.380000,2.660000
-2.464607,-8.542377,3.192025,3.360000,-1.190000,2.450000
-2.656033,-8.520842,3.192025,4.340000,-0.840000,1.680000
-2.718246,-8.420342,3.261417,3.920000,-1.400000,1.120000
-2.761317,-8.444271,3.218346,3.780000,-2.310000,0.420000
-2.675175,-8.587841,3.227918,3.220000,-2.940000,0.140000
-2.548356,-8.621340,3.184847,2.310000,-2.940000,0.420000
-2.519642,-8.700303,3.247060,1.960000,-2.310000,0.700000
-2.531606,-8.733803,3.182454,1.680000,-1.820000,0.350000
-2.548356,-8.714661,3.055635,1.820000,-1.400000,0.210000
-2.598605,-8.697910,2.998207,2.870000,-1.260000,0.070000
-2.679961,-8.626125,3.026921,4.130000,-1.890000,-0.140000
-2.713461,-8.561519,3.108276,5.040000,-2.940000,-0.420000
-2.696711,-8.554340,3.141776,5.810000,-3.850000,-0.420000
-2.589034,-8.477771,3.129812,6.020000,-4.340000,-0.280000
-2.488536,-8.432307,3.093920,6.090000,-5.110000,-0.490000
-2.445465,-8.288737,3.192025,6.160000,-5.040000,-0.770000
-2.344966,-8.188239,3.151347,7.070000,-4.130000,-1.050000
-2.268396,-8.035098,3.196811,7.350000,-3.080000,-1.120000
-2.201397,-7.905886,3.108276,6.790000,-2.520000,-1.400000
-2.086541,-7.700103,3.077170,5.740000,-2.310000,-2.170000
-1.931008,-7.513463,3.089134,4.900000,-2.170000,-3.150000
-1.694118,-7.338787,3.038885,3.990000,-2.310000,-4.200000
-1.495514,-7.068398,2.981457,3.850000,-2.100000,-5.040000
-1.201197,-6.879365,2.900101,4.690000,-1.750000,-5.880000
-0.885344,-6.520442,2.823531,5.950000,-1.610000,-6.230000
0.098106,-5.017749,2.490928,7.350000,-1.050000,-6.160000
0.818345,-3.672983,2.141576,8.820000,1.610000,-4.830000
1.816152,-1.287339,2.053042,9.030000,3.430000,-4.480000
2.806781,2.598605,1.804188,13.440001,7.980000,-6.090000
3.778267,6.979864,0.959522,23.170000,14.140000,-14.910000
3.524628,14.155938,1.062413,13.580000,26.880001,-50.330002
2.139183,19.247866,-5.319244,14.140000,68.459999,-62.650002
0.684347,34.471001,-9.195618,-41.230000,66.080002,-25.270000
-0.076570,55.245487,-11.968900,-21.980000,69.860001,-59.010002
1.115055,53.276196,-10.485349,139.160004,62.230000,-233.240005
3.900301,39.694534,-0.933201,58.939999,32.759998,-524.510010
10.363315,25.270599,-2.691926,-64.750000,-93.239998,-730.030029
31.374691,10.430314,-0.614955,-150.009995,-250.110001,-805.349976
56.415581,-2.749353,-5.594419,-347.619995,-275.170013,-882.210022
67.819771,-25.983660,-14.012369,-392.769989,-199.779999,-704.619995
66.798035,-78.398445,-27.672995,-296.589996,48.720001,-80.360001
39.115471,-78.398445,1.808974,-406.769989,86.660004,-63.000000
10.861022,-78.398445,-10.243673,-225.050003,61.459999,-368.480011
3.529413,-46.581078,-7.616355,-189.839996,105.489998,46.970001
3.835695,-34.238899,-5.888737,-252.139999,13.650000,151.899994
4.118048,-38.388050,-5.173282,-302.540009,-49.910000,118.790001
4.235296,-41.907894,-2.629712,-200.130005,-58.660000,137.550003
4.333402,-32.740993,1.268196,-43.049999,-44.450001,136.080002
2.713461,-24.253651,2.624927,58.520000,-32.130001,113.260002
-1.308874,-16.666008,1.773082,113.470001,-24.500000,107.449997
-1.607977,-14.191832,2.481357,134.399994,-26.880001,110.110001
-0.703490,-12.413965,3.275774,128.940002,-38.220001,103.459999
0.380459,-11.193624,3.460021,110.949997,-47.740002,101.290001
1.263410,-10.727024,3.278167,95.340004,-45.779999,101.430000
1.907080,-10.770095,2.921637,91.980003,-41.369999,98.559998
2.457429,-10.399208,2.483750,97.580002,-35.560001,94.360001
2.995814,-9.449257,2.263610,104.440002,-29.190001,92.540001
3.359523,-8.511270,1.801795,108.430000,-21.280001,90.300003
3.505485,-7.939385,1.088734,108.010002,-14.280000,86.029999
3.239882,-7.472785,0.593420,100.519997,-7.560000,82.180000
3.108276,-6.958328,0.189033,89.879997,-2.660000,80.220001
3.211168,-6.704689,-0.181855,74.690002,1.400000,76.370003
3.180061,-6.321837,0.007178,52.430000,4.830000,70.139999
2.778067,-6.053841,-0.210568,39.970001,6.720000,65.379997
2.656033,-6.228518,-0.148355,21.910000,-1.190000,65.940002
2.833102,-6.412765,-0.040678,12.320000,-7.350000,63.770000
2.974278,-6.977471,0.136391,11.480000,-11.480000,59.639999
3.297310,-7.499106,0.200997,17.639999,-12.180000,55.720001
3.457629,-7.764710,0.524028,27.650000,-9.730000,51.380001
3.440879,-7.702496,0.497707,35.139999,-6.860000,46.759998
3.180061,-7.527820,0.569492,37.730000,-3.920000,42.770000
2.943172,-7.381857,0.619741,34.369999,-2.100000,39.900002
2.656033,-7.338787,0.916451,28.559999,-1.540000,38.220001
2.419144,-7.685746,1.050449,21.280001,-1.190000,37.799999
2.299503,-8.087741,1.292124,14.840000,-1.400000,37.099998
2.201397,-8.729016,1.567299,13.020000,-1.190000,35.910000
1.926222,-8.834301,1.586441,15.120000,-0.210000,35.139999
1.823331,-8.791230,1.548156,18.620001,0.490000,33.740002
1.718047,-8.805587,1.682154,19.740000,0.210000,32.689999
1.557728,-8.779266,1.868794,18.760000,-0.280000,32.200001
1.371087,-8.712267,1.811367,16.799999,-0.350000,31.990000
1.191626,-8.848659,1.785046,14.420000,-0.700000,31.080000
1.134198,-9.037691,1.756332,11.480000,-1.330000,30.030001
1.172483,-9.159724,1.885544,9.590000,-1.820000,29.610001
1.239482,-9.267403,1.873580,10.640000,-1.330000,29.120001
1.225125,-9.320045,1.971686,13.510000,0.070000,28.630001
1.162912,-9.157332,1.899901,15.330000,1.120000,28.350000
0.993021,-9.066404,1.921437,15.750000,1.750000,27.790001
0.844666,-9.064013,1.957329,14.350000,1.330000,26.809999
0.806381,-9.066404,1.995614,12.600000,0.280000,25.969999
0.729811,-9.073583,2.069792,12.880000,0.140000,25.830000
0.815953,-9.147761,1.988436,12.390000,0.560000,25.059999
0.758525,-9.099905,1.971686,11.620000,0.560000,23.940001
0.684347,-9.090333,2.026721,11.480000,1.260000,23.240000
0.526421,-9.178867,2.076970,11.340000,1.890000,22.680000
0.291924,-9.233903,2.136791,11.410000,1.610000,22.049999
0.222532,-9.284152,2.191825,12.320000,1.120000,21.770000
0.318245,-9.286544,2.129612,13.370000,1.120000,21.350000
0.399601,-9.291330,2.201397,13.510000,1.540000,20.650000
0.167498,-9.272188,2.333002,13.020000,2.310000,19.740000
0.167498,-9.272188,2.333002,11.830000,2.940000,19.180000
-0.119641,-9.346365,2.285146,10.150000,3.430000,18.690001
-0.026321,-9.444471,2.222932,8.120000,2.450000,18.549999
0.074178,-9.439686,2.172683,6.930000,2.870000,18.900000
0.126820,-9.389436,2.194218,5.740000,3.710000,19.040001
0.064606,-9.442079,2.251646,4.270000,4.620000,19.460001
-0.076570,-9.573684,2.160719,1.890000,5.810000,19.879999
-0.181855,-9.645468,2.175076,-0.770000,5.950000,20.230000
-0.296710,-9.628718,2.184647,-2.100000,5.530000,21.070000
-0.375673,-9.683753,2.230111,-3.150000,4.690000,21.770000
-0.437887,-9.824929,2.318645,-4.200000,3.150000,22.330000
-0.497707,-9.942179,2.354537,-3.640000,1.820000,23.240000
-0.514457,-10.047462,2.421536,-0.350000,1.540000,23.870001
-0.564706,-10.064213,2.395216,4.340000,1.960000,24.360001
-0.734596,-10.064213,2.373680,8.960000,2.800000,24.639999
-0.818345,-9.990034,2.356930,11.340000,2.870000,25.200001
-0.813560,-9.934999,2.347359,10.850000,1.820000,26.250000
-0.768096,-9.918249,2.488536,9.030000,1.260000,27.230000
-0.708275,-9.841680,2.476572,7.140000,1.820000,28.139999
-0.677169,-9.803394,2.378466,5.390000,3.220000,28.980000
-0.796810,-9.765109,2.356930,3.710000,4.410000,29.540001
-0.981057,-9.791430,2.344966,2.310000,5.040000,30.170000
-1.062413,-9.781858,2.318645,2.520000,4.620000,30.520000
-1.143769,-9.796216,2.486143,4.550000,3.290000,30.799999
-1.103091,-9.896714,2.354537,7.840000,2.730000,31.360001
-1.048056,-9.884750,2.239682,10.920000,2.590000,31.780001
-1.074377,-9.607183,2.201397,13.790000,2.520000,32.130001
-1.213161,-9.544970,2.289931,14.700000,2.730000,32.970001
-1.215554,-9.518648,2.203789,13.860000,2.100000,33.389999
-1.210768,-9.487542,2.143969,12.950000,0.980000,33.459999
-1.179662,-9.360723,2.012364,13.300000,-0.070000,33.180000
-1.167697,-9.284152,1.931008,14.140000,-1.330000,32.619999
-1.239482,-9.181261,1.871187,14.910000,-2.660000,32.340000
-1.196411,-9.087940,2.036292,15.820000,-4.060000,32.130001
-1.244268,-9.059227,2.122434,16.660000,-5.600000,31.570000
-1.330409,-9.001799,2.471786,18.340000,-7.210000,31.219999
-1.457229,-8.901299,2.498107,20.860001,-7.700000,30.450001
-1.529014,-8.817552,2.493321,24.150000,-7.700000,29.260000
-1.596013,-8.662018,2.651247,27.020000,-8.610000,28.000000
-1.579263,-8.415558,2.584249,28.559999,-8.400000,27.020000
-1.507478,-8.212167,2.701497,28.420000,-7.070000,25.129999
-1.464408,-8.018349,2.756532,26.600000,-5.670000,23.799999
-1.466800,-7.850852,2.809174,24.500000,-4.550000,22.400000
-1.462015,-7.695317,2.857030,21.980000,-3.640000,20.860001
-1.414158,-7.338787,2.799603,18.480000,-1.960000,19.809999
-1.390230,-7.116255,2.684747,13.370000,-0.560000,18.270000
-1.304088,-6.888937,2.648855,7.140000,0.280000,16.590000
-1.210768,-6.728617,2.572284,1.260000,0.840000,14.840000
-1.052842,-6.577869,2.562713,-2.590000,1.050000,12.880000
-0.205783,-6.077770,2.433501,-4.550000,1.050000,10.990000
-0.205783,-6.077770,2.433501,-5.460000,1.540000,9.380000
0.844666,-5.149354,1.926222,-5.880000,2.940000,7.420000
1.237089,-4.634897,1.646262,-6.790000,5.040000,4.480000
1.706082,-3.993621,1.349552,-8.260000,9.030000,3.570000
2.411965,-3.139383,0.935594,-11.760000,10.640000,2.870000
3.572484,-1.603191,0.591027,-17.360001,9.800000,2.870000
4.996214,-0.141177,0.275175,-20.020000,9.100000,-6.720000
5.752346,5.345565,0.641276,-38.990002,10.290000,-28.559999
4.539185,8.427521,-0.368495,-9.870000,31.010000,-57.260002
2.787638,20.614168,-0.411566,14.910000,72.099998,-39.549999
-1.098306,35.940197,-2.275574,84.629997,88.129997,5.180000
-5.381458,52.036716,-5.974878,168.559998,100.169998,-6.720000
-5.807381,49.636715,-6.661618,264.880005,66.779999,-153.020004
0.507278,38.624943,0.332602,101.430000,-40.670002,-481.320007
11.097912,24.847069,-0.665205,-48.020000,-153.089996,-749.070007
32.499317,11.215159,0.514457,-276.149994,-245.490005,-813.260010
51.799820,-2.196611,-6.355337,-499.450012,-223.649994,-801.710022
60.191456,-22.126431,-14.019548,-472.080017,-126.559998,-659.890015
63.338017,-78.398445,-31.728828,-302.890015,79.309998,-121.660004
38.598621,-78.398445,-0.614955,-394.170013,86.519997,-57.610001
8.456236,-78.398445,-9.066404,-190.889999,57.820000,-385.630005
2.155933,-43.357948,-10.080962,-77.139999,90.580002,22.260000
2.971886,-34.212578,-7.585248,-129.850006,-11.270000,113.050003
2.852244,-39.596428,-4.130012,-191.800003,-74.410004,70.419998
3.096312,-40.996235,-0.131605,-106.610001,-80.639999,107.169998
4.110869,-30.838699,2.665605,6.300000,-59.570000,118.790001
1.622334,-19.685753,3.419343,64.330002,-39.410000,99.400002
0.215354,-16.864614,3.598805,82.459999,-23.870001,97.930000
-0.160319,-15.093925,4.450650,70.699997,-15.190001,106.470001
0.409173,-14.589039,4.742575,56.630001,-16.660000,106.610001
1.268196,-14.151153,4.670790,43.259998,-16.799999,110.110001
2.076970,-13.741980,4.120440,40.810001,-13.090000,115.779999
2.825923,-13.162917,3.349952,49.279999,-7.420000,116.410004
3.199204,-12.086146,2.641676,59.360001,-1.680000,114.239998
3.328416,-10.624132,1.887937,64.750000,3.710000,113.959999
3.127419,-9.310472,1.284946,65.309998,8.260000,114.029999
3.187240,-8.815158,0.710668,63.000000,11.620000,111.090004
3.196811,-8.350951,0.303888,54.880001,12.390000,107.800003
3.328416,-7.771888,0.045464,45.779999,11.480000,106.959999
3.328416,-7.487142,0.016750,40.529999,11.620000,105.000000
3.431308,-7.515855,-0.122034,32.830002,11.760000,97.930000
3.199204,-7.537392,-0.133998,27.650000,10.570000,93.730003
3.175276,-7.568498,-0.270389,23.240000,7.700000,88.269997
3.050849,-7.515855,-0.078963,23.799999,3.850000,82.320000
3.361916,-7.556533,-0.325424,23.870001,0.630000,77.629997
3.464807,-7.350751,-0.512064,26.250000,-2.030000,73.779999
3.656233,-7.360322,-0.392423,30.520000,-3.990000,69.440002
3.785445,-7.324430,-0.239282,35.910000,-4.550000,66.080002
3.728018,-7.142576,-0.244068,39.970001,-4.830000,63.490002
3.639483,-6.850651,-0.100499,42.000000,-5.040000,60.830002
3.364309,-6.525227,-0.031107,41.580002,-4.760000,58.029999
3.043670,-6.338587,0.184247,38.849998,-4.270000,55.439999
2.321038,-6.130411,0.301496,35.560001,-4.480000,52.360001
1.993221,-6.159126,0.430708,31.290001,-6.230000,47.040001
1.696511,-6.166305,0.617348,28.210001,-7.980000,43.400002
1.485943,-6.324231,0.734596,26.460001,-9.100000,39.900002
1.318445,-6.448657,0.866202,25.270000,-9.240000,36.259998
1.229911,-6.664011,0.933201,23.870001,-9.170000,32.549999
1.208375,-6.920043,0.961915,21.840000,-8.470000,28.840000
1.158126,-7.046863,0.971486,18.480000,-7.210000,25.270000
1.038485,-7.154540,0.969093,15.260000,-5.740000,21.910000
0.794417,-7.298109,1.021735,10.920000,-4.900000,19.250000
0.684347,-7.546963,1.134198,6.090000,-5.670000,17.430000
0.598206,-7.688138,1.272982,2.450000,-6.650000,15.750000
0.586242,-7.850852,1.483550,2.030000,-7.210000,14.630000
0.540778,-7.972885,1.390230,3.570000,-6.930000,12.530000
0.579063,-7.936993,1.445265,1.960000,-6.440000,11.270000
0.454636,-7.972885,1.483550,-0.910000,-6.300000,8.960000
0.258425,-8.116454,1.478764,-5.110000,-5.810000,6.440000
0.031107,-8.271988,1.564906,-8.260000,-5.600000,4.550000
-0.035892,-8.382057,1.610370,-8.610000,-5.600000,3.010000
-0.033500,-8.566305,1.679761,-6.930000,-4.900000,1.680000
-0.052642,-8.788837,1.763510,-4.620000,-4.060000,0.280000
-0.098106,-8.992228,1.780260,-2.520000,-3.220000,-1.400000
-0.184247,-9.171689,1.773082,-1.120000,-3.290000,-2.590000
-0.227318,-9.217153,1.866402,0.140000,-3.780000,-2.800000
-0.291924,-9.360723,1.942972,-0.280000,-4.270000,-2.730000
-0.320638,-9.513863,1.933401,-1.820000,-4.830000,-2.940000
-0.378066,-9.576077,1.945365,-3.290000,-5.110000,-3.220000
-0.404387,-9.676575,1.885544,-3.570000,-4.830000,-2.870000
-0.466600,-9.753145,1.966900,-3.920000,-5.040000,-2.800000
-0.452243,-9.829715,1.957329,-3.640000,-5.180000,-2.520000
-0.294317,-9.896714,1.978864,-2.800000,-5.250000,-1.610000
-0.217747,-9.997212,2.021935,-2.170000,-4.760000,-0.630000
-0.162712,-9.987641,1.931008,-2.590000,-3.850000,-0.140000
-0.071785,-9.927821,1.880759,-3.640000,-3.360000,0.210000
-0.133998,-9.903893,1.806581,-5.250000,-3.430000,0.560000
-0.177069,-9.934999,1.763510,-7.210000,-3.570000,0.700000
-0.220140,-10.023535,1.746760,-8.190000,-3.920000,0.490000
-0.203390,-10.143176,1.727618,-8.820000,-4.830000,0.350000
-0.157926,-10.214959,1.825724,-8.050000,-5.670000,0.630000
-0.088534,-10.313066,1.875973,-7.910000,-7.140000,1.610000
0.083749,-10.348958,1.820938,-9.170000,-7.560000,3.010000
0.299103,-10.394422,1.730011,-11.130000,-8.330000,4.620000
0.423530,-10.382458,1.820938,-12.320000,-8.890000,6.020000
0.507278,-10.425529,1.887937,-12.950000,-9.730000,7.140000
0.433101,-10.470992,2.072184,-11.060000,-11.480000,8.470000
0.397209,-10.545169,2.251646,-6.020000,-12.320000,10.360000
0.449851,-10.683953,2.206182,-1.330000,-12.950000,11.830000
0.579063,-10.643275,2.187040,3.080000,-13.300000,12.460000
0.672383,-10.511670,2.079363,5.670000,-12.670000,12.880000
0.729811,-10.286745,1.969293,4.900000,-12.250000,13.300000
0.763310,-9.942179,1.847259,1.820000,-12.040000,14.000000
0.787239,-9.889536,1.897508,-1.610000,-12.670000,16.030001
0.861416,-9.903893,2.074577,-0.700000,-14.420000,16.799999
0.942772,-9.870394,2.495714,2.870000,-17.430000,16.240000
0.957129,-9.911072,2.751746,10.990000,-20.299999,15.120000
0.937986,-9.927821,3.189633,23.309999,-22.400000,13.860000
0.997807,-9.712467,3.493521,37.310001,-23.309999,12.320000
0.961915,-9.075976,3.495914,48.369999,-21.559999,10.290000
0.820738,-8.133204,3.328416,52.360001,-19.320000,6.510000
0.667598,-7.470392,3.481557,51.029999,-18.900000,1.120000
0.885344,-7.152147,4.302295,43.330002,-18.969999,-3.500000
1.387837,-7.185646,5.706882,30.100000,-22.190001,-8.680000
1.950150,-7.374680,7.475177,17.920000,-28.210001,-16.100000
2.648855,-7.506285,8.185846,15.470000,-31.360001,-25.480000
3.584448,-8.185846,9.365508,31.219999,-34.650002,-40.810001
4.876573,-8.839087,12.217752,44.450001,-37.029999,-48.790001
6.372087,-9.853643,17.754744,67.480003,-34.090000,-49.279999
7.697710,-11.497513,26.062622,108.150002,-21.910000,-38.220001
9.669396,-12.856635,34.413574,165.339996,13.650000,-20.860001
13.182060,-13.055241,37.787457,216.089996,98.840004,-12.110000
17.730816,-10.272388,34.143185,224.559998,240.660004,-19.110001
19.087545,-6.214160,27.402605,157.009995,395.779999,-62.299999
18.302702,0.820738,23.818157,15.260000,579.179993,-123.410004
11.899508,0.926022,15.448064,-213.639999,698.179993,-118.650002
5.434100,-0.555135,0.646062,-484.470001,688.030029,-55.860001
4.646862,-11.361122,-33.454052,-644.770020,522.059998,15.190001
11.959327,-21.774687,-40.532024,-513.030029,399.279999,155.539993
8.566305,-35.844482,-43.219162,105.000000,309.470001,50.750000
0.521635,-27.984060,-54.541996,400.959991,-27.090000,-98.769997
2.775674,-15.390635,-53.211590,514.570007,-248.710007,-93.730003
6.620940,1.450050,-35.743984,395.500000,-222.180008,-16.100000
0.765703,2.457429,-15.668202,305.549988,-159.110001,-5.180000
-3.390630,-4.323831,-3.108276,266.559998,-89.110001,2.380000
-7.398607,-6.987042,3.684947,159.880005,11.200000,31.290001
-14.706287,-3.895515,8.216952,69.300003,42.209999,40.110001
-15.278172,-2.282753,7.046863,111.300003,6.510000,57.189999
-12.277573,-2.115255,8.360522,136.710007,-35.279999,71.959999
-6.625726,0.806381,4.252046,79.660004,-70.349998,17.500000
-2.699104,1.088734,6.259624,-26.740000,-64.820000,1.680000
-0.725025,-0.160319,6.520442,-200.339996,-11.550000,21.980000
-1.471586,-5.304887,6.723832,-214.270004,0.910000,16.309999
-1.947758,-10.241282,4.821537,-180.460007,-7.560000,22.260000
-1.232304,-12.117253,4.299902,-137.830002,-17.290001,16.520000
0.787239,-11.787045,3.885944,-78.750000,-18.549999,8.610000
2.701497,-10.865808,3.720839,-25.760000,-11.200000,8.680000
3.254239,-9.607183,2.510071,-0.210000,1.120000,6.510000
2.124826,-8.657232,1.383051,0.560000,8.610000,0.210000
0.646062,-8.384450,0.947558,-9.660000,6.300000,-3.220000
-0.205783,-8.554340,1.136591,-23.379999,-6.510000,-2.310000
-0.021535,-9.119047,1.141376,-31.010000,-20.790001,-1.890000
0.476172,-9.583255,1.476372,-31.360001,-27.510000,-3.220000
0.428315,-10.207782,2.002793,-27.090000,-26.950001,-5.320000
-0.559920,-10.112068,2.533999,-21.350000,-21.980000,-6.510000
-1.287339,-10.236496,2.809174,-15.260000,-20.299999,-4.690000
-1.596013,-10.442278,2.801995,-10.080000,-22.330000,-2.240000
-1.373480,-10.454242,2.859423,-6.580000,-24.990000,-0.140000
-1.091127,-10.133603,2.667997,-5.600000,-25.620001,1.260000
-1.062413,-9.635897,2.390430,-4.970000,-24.639999,1.890000
-1.385444,-9.334401,2.306681,-3.990000,-23.940001,1.750000
-1.830509,-9.320045,2.526821,-2.030000,-25.900000,1.680000
-2.033899,-9.485149,2.493321,1.610000,-30.170000,2.030000
-1.849652,-9.547362,2.411965,6.230000,-35.000000,2.170000
-1.450050,-9.394222,2.933600,8.330000,-39.270000,2.100000
-1.081556,-9.090333,2.945565,7.840000,-38.500000,2.310000
-1.105484,-9.001799,2.682354,3.500000,-33.459999,1.890000
-1.301696,-8.934800,2.579463,-1.330000,-26.809999,1.750000
-1.466800,-9.004191,2.636890,-8.190000,-24.850000,2.100000
-1.466800,-9.056834,2.557927,-14.280000,-24.710001,2.380000
-1.378266,-9.202796,2.440679,-17.710001,-25.690001,2.730000
-1.301696,-9.501899,2.591427,-18.690001,-26.530001,3.360000
-1.122234,-9.674182,2.545963,-17.290001,-27.299999,3.290000
-1.069592,-9.767502,2.859423,-13.580000,-27.510000,2.520000
-1.016950,-9.781858,3.108276,-9.520000,-26.670000,2.520000
-1.002593,-9.719646,3.153740,-6.860000,-25.340000,2.940000
-0.993021,-9.640682,3.201597,-6.300000,-23.379999,3.010000
-0.947558,-9.602397,3.357130,-8.400000,-21.629999,3.080000
-0.811167,-9.420543,3.385844,-11.690000,-20.370001,3.010000
-0.808774,-9.456435,3.354738,-15.400000,-18.620001,2.240000
-0.801596,-9.473185,3.268596,-16.309999,-17.710001,1.470000
-0.870987,-9.530612,3.237489,-15.260000,-16.520000,0.770000
-0.911665,-9.547362,3.213561,-13.860000,-15.890000,-0.490000
-0.973879,-9.525827,3.048456,-11.970000,-15.610000,-1.750000
-0.976272,-9.552148,2.615355,-9.940000,-15.750000,-2.520000
-0.937986,-9.552148,2.287539,-8.890000,-16.309999,-3.010000
-1.002593,-9.573684,2.000400,-9.100000,-17.500000,-4.480000
-1.071985,-9.427721,1.653440,-8.330000,-18.059999,-6.510000
-1.268196,-9.434900,1.227518,-5.180000,-18.690001,-8.610000
-1.493121,-9.358330,0.784846,-1.540000,-20.719999,-10.920000
-1.603191,-9.288938,0.610170,2.240000,-25.059999,-13.860000
-1.629512,-9.207582,0.413958,5.880000,-31.150000,-16.940001
-1.612763,-9.171689,0.784846,9.170000,-41.369999,-21.280001
-1.682154,-9.040084,0.940379,12.530000,-47.040001,-23.379999
-1.598405,-9.016156,0.868595,17.780001,-50.750000,-24.360001
-1.478764,-9.111869,1.189233,25.969999,-52.779999,-23.309999
-1.229911,-9.391829,1.892723,29.120001,-54.880001,-21.420000
-0.859023,-9.322437,2.734996,27.440001,-54.180000,-19.950001
-0.461815,-9.219545,3.180061,24.010000,-50.470001,-18.480000
-0.251246,-9.279366,3.452843,17.219999,-44.520000,-16.240000
-0.157926,-9.267403,3.562913,8.260000,-38.500000,-13.230000
-0.043071,-9.257831,3.617948,-1.260000,-33.880001,-10.920000
0.210568,-9.327222,3.696911,-11.970000,-30.799999,-9.030000
0.765703,-9.793823,4.072584,-20.370001,-28.139999,-6.930000
1.014557,-10.045070,4.283153,-25.059999,-24.150000,-3.500000
1.148555,-10.179067,4.378866,-22.540001,-21.559999,-1.400000
1.155733,-10.152746,4.273581,-17.290001,-18.760000,-0.070000
1.098306,-10.049855,3.957729,-11.970000,-16.520000,0.840000
1.064806,-9.820145,3.830909,-8.540000,-14.910000,1.260000
1.071985,-9.439686,3.737589,-7.000000,-13.440001,1.890000
1.052842,-9.320045,3.756732,-8.120000,-12.530000,1.960000
1.098306,-9.312866,3.811767,-11.550000,-12.530000,1.330000
1.138984,-9.427721,3.699304,-14.280000,-11.480000,0.700000
1.100698,-9.583255,3.438486,-15.610000,-9.940000,-0.350000
1.057628,-9.674182,3.206382,-15.820000,-8.050000,-0.840000
0.947558,-9.798609,3.208775,-14.700000,-6.230000,-0.980000
0.892523,-9.681360,3.086741,-13.440001,-4.760000,-1.120000
0.756132,-9.674182,3.024528,-12.390000,-3.220000,-1.820000
0.571885,-9.719646,2.983850,-12.250000,-3.430000,-2.240000
0.461815,-9.824929,2.921637,-10.990000,-4.130000,-2.310000
0.433101,-10.061819,2.976671,-8.330000,-4.900000,-2.240000
0.519243,-10.131211,2.957529,-5.110000,-5.530000,-2.450000
0.595813,-10.171888,2.991028,-1.050000,-5.320000,-2.870000
0.602991,-10.011569,3.005385,1.820000,-4.340000,-2.380000
0.502493,-9.860823,2.888137,3.080000,-3.080000,-1.470000
0.327817,-9.753145,2.758924,1.540000,-2.450000,-1.050000
0.157926,-9.710074,2.706282,-1.190000,-2.730000,-0.700000
0.141177,-9.717253,2.754139,-1.680000,-2.800000,0.560000
0.423530,-9.865608,2.864209,-2.240000,-3.150000,1.540000
0.504886,-9.791430,2.830709,-1.680000,-2.660000,1.960000
0.423530,-9.683753,2.687140,-0.840000,-2.660000,2.170000
0.294317,-9.439686,2.560320,-1.330000,1.400000,2.100000
0.055035,-9.360723,2.514857,-3.360000,1.470000,1.890000
-0.066999,-9.430114,2.543570,-5.320000,0.490000,1.750000
-0.043071,-9.516255,2.593820,-5.110000,-1.470000,2.030000
0.181855,-9.662218,2.529213,-3.080000,-3.150000,2.310000
0.332602,-9.643075,2.502892,-0.350000,-3.640000,2.240000
0.294317,-9.547362,2.440679,2.800000,-2.100000,2.310000
0.143569,-9.492328,2.328217,5.180000,-0.280000,2.030000
-0.031107,-9.425328,2.289931,5.390000,-0.070000,1.330000
-0.043071,-9.420543,2.220540,5.040000,-1.120000,0.350000
0.021535,-9.422935,2.203789,3.920000,-2.030000,-0.420000
0.107677,-9.418150,2.206182,2.800000,-2.170000,-0.910000
0.148355,-9.513863,2.203789,0.560000,-2.170000,-1.190000
0.155533,-9.549755,2.187040,-1.330000,-2.030000,-0.910000
0.155533,-9.690931,2.254039,-1.330000,-2.030000,-0.210000
0.145962,-9.738789,2.182254,-0.560000,-2.170000,0.420000
0.090927,-9.726824,2.100898,0.980000,-3.080000,1.120000
0.184247,-9.678967,2.256432,1.680000,-3.780000,1.890000
0.217747,-9.578469,2.268396,1.470000,-3.780000,2.730000
0.165105,-9.506684,2.297110,0.420000,-3.570000,3.150000
0.112463,-9.580862,2.313859,-1.050000,-3.570000,3.500000
0.023928,-9.607183,2.423929,-1.820000,-3.990000,3.780000
0.040678,-9.678967,2.562713,-1.050000,-4.830000,3.920000
0.167498,-9.525827,2.560320,0.840000,-4.620000,4.060000
0.110070,-9.430114,2.589034,3.430000,-2.660000,3.780000
0.004786,-9.332008,2.524428,2.940000,-0.980000,3.360000
-0.157926,-9.255438,2.543570,1.330000,-0.560000,2.660000
-0.949951,-10.403993,2.069792,-4.060000,-0.840000,2.730000
-0.141177,-9.444471,2.471786,2.800000,-10.150000,3.080000
0.770489,-9.025726,2.797210,12.180000,-11.410000,-0.420000
0.545564,-9.030513,2.589034,8.260000,-2.660000,-0.910000
-0.406780,-9.303294,2.380858,2.870000,0.560000,3.640000
-0.557528,-9.375079,2.352145,-3.080000,-3.990000,7.840000
-0.363709,-9.521042,2.488536,-7.140000,-6.580000,5.390000
-0.031107,-9.734003,2.557927,-8.960000,-7.210000,3.570000
0.203390,-9.784252,2.629712,-8.260000,-6.790000,4.690000
0.435494,-9.619147,2.550749,-4.550000,-1.470000,3.360000
0.583849,-9.365508,2.531606,-4.760000,4.690000,-2.310000
0.421137,-8.762517,2.143969,1.610000,7.280000,-8.610000
-0.380459,-10.430314,2.794817,5.880000,2.940000,-10.150000
-0.490529,-9.552148,2.321038,11.200000,-2.660000,1.330000
-0.141177,-8.858230,2.167897,24.290001,-8.120000,-0.140000
0.191426,-9.145369,2.495714,28.559999,-1.820000,-10.990000
0.342174,-9.626326,2.440679,18.760000,2.170000,-15.400000
0.200997,-8.401200,2.646462,1.610000,0.980000,-7.630000
-0.177069,-7.298109,2.658426,-21.139999,-0.490000,-4.690000
-0.330210,-8.475377,2.423929,-38.290001,-6.300000,-2.520000
-0.050249,-10.124033,2.830709,-41.580002,-10.500000,5.600000
0.064606,-11.452050,2.694318,-26.320000,-6.720000,9.100000
0.559920,-9.188439,2.782853,4.270000,-6.720000,2.170000
0.490529,-8.295916,2.292324,20.370001,3.290000,-6.160000
-0.363709,-9.566505,1.828116,22.260000,3.850000,-5.740000
-0.476172,-10.334601,1.825724,17.850000,-1.820000,1.190000
-0.524028,-9.903893,1.873580,10.430000,-5.670000,2.590000
-0.851845,-9.152546,1.787439,-0.280000,-6.510000,7.630000
-0.344566,-8.695518,2.275574,-13.720000,-13.020000,18.129999
0.760918,-9.879964,2.510071,-12.110000,-22.889999,19.530001
1.265803,-10.593026,2.608176,-6.230000,-21.700001,10.990000
0.485743,-10.157533,2.330609,2.170000,-9.660000,0.280000
-0.196211,-9.241080,2.354537,7.280000,-1.750000,-1.750000
-0.220140,-8.786445,2.411965,6.650000,-1.750000,-4.060000
-0.004786,-9.142976,2.318645,2.310000,-1.400000,-7.210000
0.114855,-9.734003,2.268396,-6.370000,-0.070000,-5.390000
0.442672,-10.210175,2.560320,-12.180000,-2.660000,-1.750000
1.055235,-10.281959,2.766103,-11.200000,3.920000,-10.990000
0.753739,-9.906286,2.790031,-2.590000,13.370000,-11.830000
0.088534,-9.635897,2.560320,1.820000,12.670000,-8.330000
-0.078963,-9.518648,2.608176,3.010000,8.470000,-3.570000
-0.222532,-9.257831,2.555535,6.090000,5.180000,-5.600000
-0.291924,-9.217153,2.471786,7.700000,1.330000,-10.150000
-0.275175,-9.116654,2.584249,6.860000,-3.220000,-12.460000
-0.222532,-8.772088,2.574677,5.880000,-5.040000,-17.710001
0.086142,-9.382257,2.555535,3.850000,-5.110000,-20.580000
0.452243,-9.525827,2.428715,-0.770000,-3.710000,-11.480000
0.181855,-10.212566,2.191825,-5.740000,0.070000,-1.680000
0.528814,-10.167104,2.170290,-11.270000,0.280000,2.380000
1.026521,-9.320045,2.175076,-13.790000,2.240000,4.620000
0.557528,-9.540184,1.849652,-11.970000,6.860000,-1.330000
0.380459,-10.377672,2.206182,-8.820000,6.930000,-0.840000
-0.093320,-8.884550,2.093720,-5.530000,8.260000,2.170000
-0.385244,-8.286345,1.871187,-2.310000,5.250000,-4.200000
-0.074178,-9.657433,2.081756,0.560000,-2.240000,-4.480000
0.325424,-10.973484,2.378466,4.130000,-5.880000,-1.470000
0.593420,-10.736595,2.634498,9.590000,-4.200000,3.290000
0.602991,-9.777073,2.696711,14.910000,-0.980000,6.160000
0.342174,-9.317651,2.773281,16.660000,3.430000,3.500000
-0.062213,-9.387043,2.715853,15.260000,7.000000,-2.660000
-0.205783,-9.410972,2.600998,11.270000,5.320000,-6.020000
0.148355,-9.257831,2.670390,8.120000,3.010000,-8.190000
0.571885,-9.444471,2.636890,6.020000,2.870000,-9.030000
0.552742,-9.623933,2.734996,6.930000,5.180000,-8.330000
0.014357,-9.930215,2.632105,11.060000,6.650000,-11.480000
-0.069392,-9.903893,2.435893,14.140000,5.810000,-12.740000
-0.220140,-9.322437,2.323431,15.820000,3.780000,-7.770000
-0.729811,-8.992228,2.273181,12.950000,-4.970000,4.270000
0.066999,-8.776874,2.467000,4.060000,-14.280000,12.600000
1.117448,-9.375079,2.751746,-3.080000,-13.650000,10.360000
1.698904,-10.712667,2.950350,-10.780000,-5.460000,-4.200000
0.423530,-9.707682,2.852244,1.750000,4.900000,-4.410000
-0.157926,-9.250652,2.732604,12.810000,5.950000,0.420000
-0.191426,-9.492328,2.744568,12.110000,-1.820000,2.800000
0.117248,-9.619147,2.780460,9.100000,-6.090000,7.140000
0.619741,-9.183653,2.916851,8.050000,-5.530000,5.320000
0.581456,-8.932407,2.914458,7.350000,-5.530000,-4.690000
0.406780,-9.265009,2.828316,4.270000,5.110000,-12.390000
0.351745,-9.719646,2.813959,2.520000,5.810000,-10.570000
0.500100,-9.836893,2.916851,1.470000,5.880000,-7.350000
0.634098,-10.035499,2.957529,1.540000,7.560000,-4.830000
0.622134,-9.863215,2.909672,2.730000,9.380000,-2.310000
0.267996,-10.023535,2.742175,6.020000,9.800000,-0.980000
-0.098106,-10.286745,2.632105,9.730000,8.120000,-1.400000
-0.035892,-9.035298,2.519642,12.110000,6.930000,1.120000
0.098106,-8.401200,2.359323,5.530000,5.250000,-7.490000
0.311067,-9.183653,2.402394,-0.420000,4.760000,-12.740000
0.634098,-9.403792,2.548356,-5.390000,7.840000,-8.540000
0.399601,-9.272188,2.309074,-5.600000,6.580000,1.050000
0.447458,-9.970891,2.467000,-4.130000,1.610000,12.810000
0.153141,-10.396815,2.675175,-0.140000,-1.400000,18.410000
0.145962,-9.815358,2.909672,4.970000,-0.700000,13.090000
0.507278,-9.879964,2.868994,7.490000,2.590000,11.410000
0.392423,-9.525827,2.919244,4.690000,4.060000,15.190001
0.337388,-8.953942,2.790031,-1.750000,8.820000,16.940001
-0.311067,-9.233903,2.519642,-6.580000,10.220000,20.160000
-0.547956,-9.655040,2.383251,-10.150000,7.210000,29.540001
-0.485743,-8.958728,1.957329,-2.170000,2.170000,36.400002
0.200997,-9.030513,2.708675,-11.900000,-6.300000,35.490002
0.179462,-9.037691,2.524428,-9.380000,-2.520000,26.950001
0.014357,-9.265009,2.598605,-9.380000,-1.960000,20.160000
-0.040678,-9.501899,2.825923,-10.780000,-1.330000,14.980000
-0.143569,-9.568897,2.816352,-13.160000,1.890000,13.300000
-0.256032,-9.595219,2.593820,-5.810000,6.090000,6.790000
-0.256032,-9.595219,2.593820,-0.840000,6.580000,2.730000
-0.160319,-9.645468,2.670390,4.690000,6.580000,-2.520000
-0.098106,-9.745967,2.689533,13.860000,5.670000,-6.370000
-0.078963,-9.052048,2.883351,18.690001,3.710000,-17.500000
-0.002393,-8.638089,2.718246,18.690001,3.710000,-17.500000
0.007178,-8.590233,2.787638,14.140000,2.590000,-21.420000
0.021535,-8.975478,2.648855,4.200000,0.910000,-30.730000
-0.287139,-9.214760,2.524428,1.120000,-3.920000,-31.150000
0.155533,-8.970692,2.443072,1.540000,-12.320000,-22.960001
-0.057428,-9.370294,2.620141,1.540000,-14.490000,-17.430000
-0.531207,-9.564112,2.600998,-7.700000,-17.219999,-12.460000
-0.591027,-9.564112,2.636890,-12.670000,-21.910000,-6.650000
-1.464408,-4.285545,3.160919,-9.940000,-35.070000,-24.080000
0.854238,-9.889536,3.266203,-26.250000,-32.480000,-36.189999
2.979064,-11.688939,3.199204,-55.790001,-19.950001,49.420002
2.313859,-8.889337,2.821138,-34.230000,-10.430000,52.009998
0.342174,-10.250853,3.192025,-14.490000,9.450000,-3.780000
-1.019342,-11.430513,2.215754,-0.840000,18.900000,-14.980000
-0.062213,-9.068797,2.778067,10.360000,2.450000,5.180000
0.497707,-8.671589,2.804388,8.680000,-3.010000,7.140000
0.385244,-9.437292,2.555535,3.640000,3.360000,-1.050000
0.136391,-9.863215,2.428715,-2.590000,3.360000,1.050000
0.160319,-9.836893,2.572284,-1.610000,-0.140000,10.710000
-0.031107,-9.174082,2.888137,1.470000,0.420000,10.150000
-0.181855,-8.992228,2.455036,-1.540000,4.550000,-7.840000
0.122034,-9.968499,2.344966,0.070000,1.470000,-9.660000
0.368495,-9.391829,2.651247,-2.940000,-3.150000,12.040000
0.220140,-9.140583,2.648855,-5.880000,-0.560000,9.520000
-0.066999,-9.631111,2.574677,-5.460000,4.340000,-4.690000
-0.177069,-9.573684,2.383251,-1.470000,2.170000,0.560000
-0.083749,-9.348758,2.450250,-0.070000,1.330000,0.140000
0.007178,-9.104690,2.426322,-4.200000,0.700000,-5.950000
-0.014357,-9.054441,2.388037,-6.160000,-0.140000,-5.600000
0.059821,-9.540184,2.435893,-5.180000,0.070000,-6.930000
0.105284,-9.805787,2.366502,-3.500000,0.840000,-6.790000
0.162712,-9.724431,2.495714,1.190000,2.100000,-7.070000
0.189033,-9.537791,2.371287,5.320000,3.850000,-8.540000
0.122034,-9.449257,2.277967,5.530000,4.060000,-8.610000
0.124427,-9.403792,2.194218,3.220000,2.520000,-5.250000
0.122034,-9.382257,2.344966,2.380000,1.400000,-0.770000
0.122034,-9.382257,2.344966,-0.280000,1.960000,-3.010000
0.043071,-9.719646,2.287539,-0.140000,1.820000,-4.340000
0.098106,-9.767502,2.261217,-0.140000,0.280000,-1.330000
0.143569,-9.667004,2.311467,0.770000,0.280000,-1.820000
0.153141,-9.745967,2.361716,3.360000,1.050000,-4.480000
0.066999,-9.676575,2.349752,5.600000,1.400000,-5.040000
-0.011964,-9.205189,2.232504,7.770000,1.610000,-5.950000
-0.035892,-9.834501,2.321038,7.910000,-0.210000,-8.400000
0.253639,-9.784252,2.440679,5.110000,-2.310000,-2.520000
0.440279,-9.353544,2.507678,5.600000,-2.800000,4.200000
0.246461,-9.296116,2.512464,4.410000,-0.980000,3.430000
0.004786,-9.454042,2.493321,1.400000,1.050000,1.190000
-0.105284,-9.609575,2.464607,-0.770000,-0.560000,1.610000
0.038285,-9.592826,2.557927,-1.120000,-2.800000,2.800000
0.184247,-9.533006,2.648855,-1.400000,-2.800000,2.240000
0.275175,-9.504292,2.584249,-1.750000,-1.610000,1.050000
0.189033,-9.595219,2.581856,-1.680000,-1.120000,0.560000
0.105284,-9.578469,2.579463,-1.960000,-1.330000,-1.540000
0.157926,-9.561719,2.586641,-0.490000,-1.820000,-2.450000
0.215354,-9.600004,2.677568,0.770000,-1.750000,-2.170000
0.198604,-9.561719,2.670390,1.050000,-1.050000,-2.660000
0.179462,-9.635897,2.672783,1.050000,-0.420000,-2.590000
0.145962,-9.616754,2.598605,1.050000,-0.350000,-1.960000
0.263210,-9.784252,2.632105,2.520000,-0.560000,-0.280000
0.205783,-9.659825,2.699104,2.730000,-0.070000,-0.630000
0.150748,-9.480364,2.596212,1.890000,0.700000,-2.380000
0.088534,-9.549755,2.498107,2.730000,-0.210000,-1.120000
0.239282,-9.743573,2.593820,3.570000,-1.190000,0.560000
0.234497,-9.561719,2.632105,3.640000,-0.770000,0.980000
0.521635,-9.765109,1.978864,3.710000,-0.210000,0.350000
-0.586242,-10.016356,2.711068,13.720000,-1.610000,1.400000
0.198604,-9.140583,2.828316,10.920000,-3.850000,-4.270000
0.270389,-9.387043,2.512464,9.170000,-0.140000,-4.620000
0.078963,-9.549755,2.701497,6.650000,-2.730000,-1.400000
0.275175,-9.439686,2.725425,3.920000,-2.870000,1.120000
0.382852,-9.542577,2.782853,1.610000,0.700000,2.170000
-0.038285,-9.710074,2.833102,0.070000,1.820000,-1.750000
