-0.713061,-9.219545,2.476572,-3.080000,-2.660000,-3.080000
-0.598206,-9.492328,2.574677,-3.430000,-0.980000,-3.220000
-0.641276,-9.657433,2.610569,-1.120000,1.540000,-2.520000
-0.648455,-9.738789,2.567499,2.240000,3.990000,-1.050000
-0.631705,-9.659825,2.445465,3.850000,4.480000,0.490000
-0.689133,-9.556933,2.309074,3.500000,5.040000,1.330000
-0.698704,-9.513863,2.256432,1.330000,4.340000,0.840000
-0.713061,-9.425328,2.371287,0.140000,3.080000,-0.420000
-0.722632,-9.461221,2.311467,-0.630000,1.260000,-1.750000
-0.703490,-9.521042,2.366502,-1.960000,0.140000,-2.100000
-0.713061,-9.556933,2.356930,-2.100000,0.980000,-0.700000
-0.713061,-9.556933,2.356930,-1.610000,1.330000,0.070000
-0.681954,-9.461221,2.294717,-0.070000,1.820000,1.190000
-0.605384,-9.389436,2.359323,0.140000,2.380000,-0.280000
-0.622134,-9.497113,2.385644,-1.820000,2.170000,-1.960000
-0.626920,-9.769895,2.512464,-2.030000,1.120000,-3.430000
-0.562313,-9.851252,2.531606,1.400000,1.610000,-2.100000
-0.526421,-9.753145,2.519642,6.930000,2.730000,-0.980000
-0.583849,-9.635897,2.512464,11.970000,4.970000,-0.210000
-0.696311,-9.432507,2.268396,12.950000,6.930000,1.260000
-0.760918,-9.279366,2.273181,11.060000,6.860000,1.960000
-0.693919,-9.276974,2.333002,8.540000,6.020000,1.750000
-0.751346,-9.401401,2.292324,7.490000,4.970000,0.070000
-0.789631,-9.389436,2.187040,7.490000,4.760000,-0.070000
-0.708275,-9.396614,2.242075,6.230000,1.680000,-0.630000
-0.610170,-9.470792,2.261217,3.360000,-1.820000,-3.080000
-0.634098,-9.544970,2.266003,-1.750000,-3.220000,-5.320000
-0.681954,-9.655040,2.361716,-3.150000,-3.430000,-4.200000
-0.638884,-9.710074,2.490928,-2.380000,-3.360000,-2.940000
-0.595813,-9.640682,2.577070,-1.470000,-2.520000,-2.590000
-0.693919,-9.559326,2.522035,-0.980000,-0.560000,-2.100000
-0.667598,-9.449257,2.495714,-1.400000,0.210000,-1.400000
-0.772882,-9.442079,2.548356,-0.980000,0.280000,-1.680000
-0.693919,-9.492328,2.507678,-0.840000,0.210000,-1.260000
-0.667598,-9.559326,2.536392,-1.750000,0.910000,-0.980000
-0.720240,-9.619147,2.531606,-3.920000,-0.070000,-1.260000
-0.691526,-9.810574,2.641676,-4.620000,-1.400000,-1.680000
-0.669990,-9.700503,2.639283,-2.870000,-2.100000,-2.030000
-0.619741,-9.621540,2.577070,0.560000,-2.240000,-2.590000
-0.655633,-9.473185,2.481357,2.520000,-0.980000,-3.220000
-0.703490,-9.544970,2.378466,0.630000,-0.420000,-3.150000
-0.698704,-9.537791,2.344966,-1.470000,-0.700000,-1.470000
-0.648455,-9.695717,2.433501,-2.590000,-0.770000,-0.770000
-0.598206,-9.635897,2.364109,-3.430000,-0.350000,0.700000
-0.660419,-9.573684,2.445465,-4.340000,-0.700000,1.260000
-0.598206,-9.564112,2.443072,-5.600000,-1.960000,1.260000
-0.610170,-9.633504,2.522035,-5.670000,-3.150000,-0.630000
-0.574277,-9.614362,2.524428,-3.640000,-2.590000,-0.350000
-0.600598,-9.547362,2.507678,-1.330000,-1.050000,-0.350000
-0.624527,-9.513863,2.498107,-0.980000,0.070000,0.210000
-0.607777,-9.449257,2.469393,-2.030000,1.190000,1.190000
-0.641276,-9.492328,2.383251,-3.500000,1.260000,2.170000
-0.629312,-9.521042,2.426322,-4.760000,1.610000,3.430000
-0.483350,-9.592826,2.553142,-4.970000,1.820000,3.360000
-0.490529,-9.595219,2.636890,-3.290000,2.240000,2.800000
-0.533599,-9.645468,2.526821,-0.420000,3.850000,3.710000
-0.626920,-9.475577,2.474179,1.190000,5.250000,4.200000
-0.708275,-9.458827,2.464607,1.330000,5.040000,3.430000
-0.820738,-9.401401,2.383251,1.400000,4.200000,4.970000
-0.732204,-9.207582,2.416751,-0.560000,2.380000,3.150000
-0.756132,-9.410972,2.325824,-2.310000,2.450000,3.150000
-0.756132,-9.410972,2.325824,-3.710000,2.660000,-0.070000
-0.787239,-9.470792,2.273181,-4.270000,2.100000,0.210000
-0.696311,-9.516255,2.321038,-4.130000,1.050000,0.840000
-0.646062,-9.530612,2.318645,-2.450000,0.980000,1.820000
-0.569492,-9.533006,2.361716,-0.140000,1.540000,1.050000
-0.600598,-9.540184,2.333002,2.660000,2.030000,-0.490000
-0.739382,-9.659825,2.141576,4.480000,2.940000,-1.750000
-0.966700,-9.650253,2.132005,4.130000,2.870000,-0.420000
-0.940379,-9.549755,2.093720,2.030000,0.210000,0.770000
-0.820738,-9.501899,2.220540,0.700000,-3.920000,-0.560000
-0.734596,-9.516255,2.206182,-0.070000,-5.180000,-2.310000
-0.741775,-9.621540,2.306681,-1.260000,-4.760000,-3.360000
-0.732204,-9.521042,2.356930,-1.190000,-5.320000,-2.870000
-0.677169,-9.554541,2.373680,-0.420000,-6.720000,-3.780000
-0.612563,-9.609575,2.505285,-0.420000,-5.880000,-3.570000
-0.689133,-9.645468,2.567499,0.770000,-3.220000,-1.680000
-0.758525,-9.638289,2.553142,3.080000,-1.820000,-0.490000
-0.703490,-9.609575,2.514857,4.690000,-2.030000,-0.210000
-0.701097,-9.461221,2.440679,5.040000,-1.470000,-0.350000
-0.725025,-9.384650,2.323431,2.940000,-0.700000,0.350000
-0.720240,-9.332008,2.251646,-0.980000,-1.050000,0.350000
-0.691526,-9.329616,2.268396,-5.950000,-2.310000,-0.770000
-0.636491,-9.611969,2.447858,-8.260000,-3.430000,-1.260000
-0.574277,-9.810574,2.644069,-6.580000,-3.710000,-0.980000
-0.591027,-9.824929,2.682354,-3.430000,-3.990000,-0.910000
-0.660419,-9.600004,2.548356,-1.890000,-3.710000,-1.050000
-0.660419,-9.600004,2.548356,-1.610000,-2.520000,-0.210000
-0.669990,-9.379865,2.627320,-1.330000,-2.100000,0.980000
-0.631705,-9.322437,2.569891,1.190000,-0.280000,2.380000
-0.610170,-9.286544,2.514857,4.480000,2.310000,1.890000
-0.669990,-9.312866,2.447858,7.070000,4.060000,0.770000
-0.703490,-9.501899,2.266003,7.490000,4.410000,0.140000
-0.660419,-9.674182,2.234896,7.070000,3.500000,0.280000
-0.579063,-9.777073,2.218147,6.580000,2.100000,0.840000
-0.555135,-9.772287,2.342573,6.510000,1.330000,-0.560000
-0.605384,-9.734003,2.299503,7.420000,1.050000,-1.470000
-0.720240,-9.628718,2.218147,7.070000,0.560000,-1.890000
-0.717847,-9.425328,2.199004,5.320000,0.560000,-1.470000
-0.736989,-9.343972,2.225325,2.730000,-1.680000,-1.680000
-0.720240,-9.300901,2.184647,-0.770000,-3.430000,-1.750000
-0.686740,-9.401401,2.242075,-2.100000,-3.500000,-1.330000
-0.667598,-9.609575,2.366502,-4.760000,-3.080000,-0.770000
-0.646062,-9.707682,2.445465,-4.340000,-2.240000,0.910000
-0.600598,-9.801002,2.660819,-1.470000,-1.470000,0.840000
-0.514457,-9.767502,2.699104,1.960000,-0.560000,0.700000
-0.547956,-9.671788,2.644069,4.130000,0.350000,-0.490000
-0.643669,-9.655040,2.510071,3.990000,0.980000,-0.140000
-0.629312,-9.530612,2.495714,2.730000,1.260000,1.540000
-0.696311,-9.499505,2.584249,2.450000,1.260000,1.680000
-0.765703,-9.367901,2.531606,2.660000,1.120000,2.310000
-0.765703,-9.367901,2.531606,2.170000,0.980000,1.890000
-0.748954,-9.422935,2.684747,0.070000,0.770000,1.330000
-0.619741,-9.573684,2.797210,-0.910000,0.280000,0.770000
-0.600598,-9.738789,2.682354,0.140000,-1.260000,-2.590000
-0.636491,-9.844072,2.586641,0.630000,-1.330000,-2.730000
-0.588634,-9.695717,2.490928,0.070000,-0.980000,-0.630000
-0.559920,-9.583255,2.486143,-1.050000,-0.280000,0.280000
-0.602991,-9.540184,2.476572,-2.380000,0.700000,1.120000
-0.648455,-9.573684,2.414358,-3.500000,1.820000,2.170000
-0.665205,-9.554541,2.467000,-3.640000,2.450000,3.850000
-0.636491,-9.470792,2.526821,-2.310000,3.360000,5.110000
-0.610170,-9.439686,2.529213,-1.050000,3.990000,4.690000
-0.744168,-9.396614,2.371287,-0.350000,4.620000,4.060000
-0.746561,-9.346365,2.373680,-0.560000,3.430000,3.220000
-0.701097,-9.363115,2.478964,-1.750000,1.750000,2.380000
-0.619741,-9.434900,2.498107,-1.890000,0.280000,1.190000
-0.681954,-9.439686,2.476572,0.070000,0.210000,-0.700000
-0.643669,-9.432507,2.474179,0.770000,0.910000,-1.050000
-0.684347,-9.408579,2.517249,1.610000,0.770000,-1.050000
-0.689133,-9.470792,2.416751,2.870000,0.700000,-1.190000
-0.634098,-9.506684,2.457429,3.150000,1.400000,-0.630000
-0.662812,-9.513863,2.414358,3.010000,2.170000,-0.770000
-0.681954,-9.485149,2.380858,2.100000,1.470000,-0.910000
-0.698704,-9.449257,2.311467,0.630000,0.490000,-1.050000
-0.710668,-9.475577,2.359323,-1.680000,0.140000,-1.260000
-0.775275,-9.592826,2.488536,-3.850000,0.140000,-0.840000
-0.775275,-9.592826,2.488536,-3.990000,0.490000,1.260000
-0.576670,-9.501899,2.550749,-3.570000,0.070000,2.170000
-0.535992,-9.425328,2.512464,-3.080000,1.190000,2.590000
-0.581456,-9.444471,2.397608,-3.430000,4.480000,2.030000
-0.617348,-9.583255,2.280360,-3.500000,6.720000,2.310000
-0.734596,-9.523434,2.356930,-3.780000,10.570000,5.040000
-0.866202,-9.607183,1.995614,-4.340000,12.530000,6.370000
-0.760918,-9.652647,2.172683,-4.970000,10.360000,10.150000
-0.557528,-9.468399,2.294717,-5.460000,11.340000,14.630000
-0.914058,-9.320045,2.081756,-5.460000,11.970000,9.590000
-1.440479,-9.757930,2.344966,-0.210000,2.100000,-4.060000
-1.095913,-9.829715,2.158326,3.010000,-6.790000,-0.070000
-0.557528,-9.293723,2.361716,2.450000,-8.820000,6.580000
-0.543171,-9.178867,2.543570,-2.100000,-0.420000,1.890000
-0.806381,-9.217153,2.696711,-2.940000,0.910000,1.190000
-0.808774,-9.267403,2.569891,-3.850000,1.610000,2.940000
-0.937986,-9.456435,2.062613,-0.560000,-0.210000,-8.470000
-1.270589,-10.308280,2.179861,6.650000,-4.270000,-8.260000
-1.093520,-9.870394,2.256432,15.680000,-8.120000,-1.680000
-0.727418,-9.509077,2.143969,22.120001,-10.080000,-11.130000
-0.823131,-9.640682,2.196611,22.120001,-11.060000,-16.309999
-0.725025,-9.631111,2.232504,16.240000,-8.610000,-6.020000
-0.545564,-9.162118,2.242075,6.510000,-2.730000,3.290000
-1.019342,-9.427721,2.222932,-2.730000,0.840000,-0.280000
-1.019342,-9.427721,2.222932,-7.910000,-0.980000,-3.360000
-1.179662,-9.755538,2.249253,-8.750000,-5.670000,-0.910000
-0.748954,-9.853643,2.514857,-7.210000,-9.590000,-0.140000
-0.595813,-9.817751,2.694318,-3.570000,-10.010000,-0.630000
-0.581456,-9.678967,2.785245,0.770000,-6.090000,1.680000
-0.658026,-9.573684,2.734996,2.660000,-3.850000,1.750000
-0.725025,-9.533006,2.644069,3.360000,-2.800000,1.190000
-0.808774,-9.485149,2.639283,3.360000,-2.940000,0.910000
-0.772882,-9.449257,2.548356,2.730000,-3.640000,1.400000
-0.686740,-9.399008,2.510071,1.610000,-4.410000,1.540000
-0.658026,-9.406186,2.553142,-0.140000,-5.040000,0.490000
-0.703490,-9.475577,2.605784,-2.100000,-4.900000,-0.280000
-0.701097,-9.566505,2.598605,-2.870000,-4.620000,0.490000
-0.595813,-9.492328,2.677568,-1.960000,-4.340000,0.840000
-0.631705,-9.552148,2.634498,-0.560000,-3.850000,0.350000
-0.631705,-9.544970,2.622534,-0.910000,-2.590000,1.190000
-0.655633,-9.485149,2.672783,-1.400000,-1.890000,1.750000
-0.672383,-9.494720,2.600998,-0.420000,-2.240000,0.560000
-0.638884,-9.535398,2.593820,0.210000,-2.380000,-0.350000
-0.679562,-9.518648,2.639283,0.630000,-2.100000,0.070000
-0.641276,-9.588040,2.612962,1.330000,-1.610000,0.350000
-0.672383,-9.489935,2.648855,2.520000,-1.190000,0.140000
-0.660419,-9.389436,2.612962,3.430000,-1.330000,-0.490000
-0.660419,-9.367901,2.622534,3.920000,-1.260000,-1.050000
-0.646062,-9.303294,2.452643,2.590000,-0.420000,-0.490000
-0.658026,-9.272188,2.459821,0.770000,-0.140000,0.140000
-0.684347,-9.291330,2.409572,-0.770000,-1.190000,-1.190000
-0.732204,-9.329616,2.562713,-1.610000,-2.730000,-1.400000
-0.583849,-9.329616,2.627320,-1.960000,-3.360000,-0.560000
-0.660419,-9.403792,2.553142,-1.470000,-1.960000,-1.610000
-0.763310,-9.466006,2.512464,-1.750000,-1.190000,-1.190000
-0.811167,-9.413363,2.495714,-2.590000,-1.680000,-0.140000
-0.835095,-9.427721,2.469393,-3.080000,-3.290000,-0.840000
-0.792024,-9.415757,2.565106,-2.590000,-5.180000,-1.750000
-0.679562,-9.300901,2.591427,-1.540000,-6.300000,-0.840000
-0.521635,-9.202796,2.605784,-0.910000,-5.950000,-0.490000
-0.495314,-9.102298,2.651247,-1.680000,-3.640000,-1.260000
-0.641276,-9.142976,2.610569,-4.060000,-1.120000,-1.890000
-0.684347,-9.224331,2.565106,-6.790000,0.490000,-1.750000
-0.770489,-9.346365,2.589034,-9.170000,-0.350000,-0.770000
-0.698704,-9.312866,2.474179,-9.170000,-0.490000,-0.840000
-0.741775,-9.456435,2.572284,-7.770000,-0.560000,-4.900000
-0.753739,-9.638289,2.557927,-6.370000,-0.840000,-3.710000
-0.705883,-9.544970,2.385644,-4.900000,-0.560000,-2.310000
-0.667598,-9.525827,2.306681,-3.920000,-0.140000,-3.920000
-0.677169,-9.542577,2.361716,-3.290000,-0.210000,-4.690000
-0.674776,-9.600004,2.364109,-3.080000,-0.910000,-4.060000
-0.672383,-9.655040,2.210968,-3.360000,-0.350000,-3.850000
-0.736989,-9.638289,2.277967,-4.830000,1.120000,-1.820000
-0.777667,-9.633504,2.321038,-5.810000,1.820000,0.420000
-0.748954,-9.535398,2.321038,-4.690000,0.980000,-0.210000
-0.693919,-9.509077,2.478964,-3.430000,0.210000,-1.470000
-0.619741,-9.566505,2.481357,-3.500000,0.770000,-0.630000
-0.653241,-9.559326,2.400001,-4.690000,2.800000,0.350000
-0.713061,-9.602397,2.366502,-6.020000,4.340000,1.190000
-0.744168,-9.640682,2.366502,-5.530000,3.640000,0.630000
-0.748954,-9.657433,2.316252,-4.970000,2.240000,-0.770000
-0.660419,-9.707682,2.280360,-3.780000,0.910000,-0.280000
-0.672383,-9.571291,2.242075,-2.380000,1.400000,0.630000
-0.643669,-9.523434,2.234896,-1.330000,2.940000,0.700000
-0.758525,-9.477970,2.076970,-1.820000,3.990000,1.680000
-0.780060,-9.458827,2.019542,-2.660000,3.920000,2.520000
-0.780060,-9.506684,2.007578,-4.200000,2.520000,2.870000
-0.782453,-9.528220,1.964507,-5.810000,1.120000,3.010000
-0.803988,-9.540184,1.988436,-5.950000,1.120000,2.940000
-0.758525,-9.533006,2.048256,-5.110000,-0.910000,2.730000
-0.825524,-9.451650,1.986043,-4.480000,-0.420000,2.730000
-0.930808,-9.463614,1.931008,-4.480000,-1.820000,2.940000
-0.923629,-9.375079,1.895115,-5.320000,-5.110000,1.750000
-0.806381,-9.396614,1.945365,-8.120000,-6.580000,0.980000
-0.677169,-9.454042,1.986043,-11.060000,-6.230000,1.470000
-0.732204,-9.489935,2.000400,-11.410000,-5.600000,0.630000
-0.722632,-9.623933,1.998007,-10.220000,-5.460000,0.210000
-0.725025,-9.645468,1.959722,-7.280000,-6.300000,-0.980000
-0.787239,-9.611969,1.990828,-4.620000,-7.700000,-1.610000
-0.634098,-9.523434,1.952543,-3.150000,-8.120000,-1.680000
-0.626920,-9.463614,1.842474,-4.620000,-6.860000,-1.890000
-0.751346,-9.470792,1.703690,-8.330000,-6.650000,-1.960000
-0.751346,-9.497113,1.904687,-11.130000,-9.590000,-2.100000
-0.636491,-9.556933,1.988436,-10.710000,-13.300000,-3.500000
-0.646062,-9.652647,1.998007,-11.340000,-12.180000,-3.920000
-0.669990,-9.588040,2.031506,-12.810000,-10.710000,-3.360000
-0.701097,-9.585647,2.009971,-14.210000,-10.430000,-2.800000
-0.703490,-9.731609,2.005185,-14.350000,-12.600000,-4.270000
-0.617348,-9.824929,2.115255,-11.270000,-15.120000,-5.740000
-0.512064,-9.762716,2.096112,-7.560000,-16.100000,-5.740000
-0.418744,-9.710074,2.170290,-4.480000,-14.770000,-5.250000
-0.485743,-9.547362,2.005185,-6.020000,-12.110000,-2.940000
-0.478565,-9.509077,2.024328,-9.660000,-10.430000,-2.380000
-0.497707,-9.626326,2.117648,-12.040000,-12.390000,-5.320000
-0.380459,-9.841680,2.160719,-11.550000,-12.180000,-5.670000
-0.442672,-9.934999,2.234896,-9.380000,-9.940000,-4.830000
-0.457029,-9.906286,2.167897,-7.700000,-7.350000,-0.560000
-0.437887,-9.781858,2.165504,-7.000000,-8.120000,-1.400000
-0.440279,-9.817751,2.148755,-6.020000,-9.240000,-2.940000
-0.382852,-9.755538,2.203789,-4.130000,-9.800000,-2.450000
-0.342174,-9.719646,2.079363,-2.450000,-8.330000,-2.380000
-0.397209,-9.647861,2.053042,-1.960000,-6.930000,-3.220000
-0.449851,-9.628718,2.009971,-2.660000,-7.560000,-3.990000
-0.445065,-9.571291,1.952543,-3.640000,-9.170000,-4.200000
-0.330210,-9.611969,1.887937,-5.950000,-10.150000,-5.040000
-0.323031,-9.647861,1.907080,-7.560000,-10.150000,-5.810000
-0.282353,-9.729217,2.045863,-8.260000,-8.610000,-4.340000
-0.349352,-9.865608,2.045863,-8.050000,-7.560000,-3.850000
-0.244068,-9.901501,2.105684,-5.600000,-7.560000,-3.360000
-0.165105,-9.930215,2.172683,-3.710000,-8.890000,-4.200000
-0.069392,-9.896714,2.189433,-2.940000,-7.280000,-3.640000
-0.136391,-9.731609,2.158326,-3.570000,-3.780000,-1.610000
-0.279960,-9.757930,2.139183,-3.920000,-1.330000,-1.680000
-0.337388,-9.734003,1.950150,-3.640000,-1.960000,-1.890000
-0.296710,-9.616754,1.832902,-3.150000,-4.270000,-2.450000
-0.246461,-9.609575,1.825724,-3.640000,-6.510000,-3.920000
-0.196211,-9.657433,1.782653,-6.580000,-6.860000,-3.150000
-0.083749,-9.662218,1.854438,-9.870000,-5.670000,-1.540000
-0.189033,-9.844072,1.856830,-11.200000,-4.410000,-2.660000
-0.282353,-9.994821,1.878366,-9.240000,-4.060000,-3.150000
-0.382852,-10.076177,1.624727,-5.600000,-3.710000,-2.870000
-0.514457,-9.987641,1.682154,-0.770000,-4.480000,-2.310000
-0.569492,-9.851252,1.588834,0.630000,-6.090000,-0.560000
-0.588634,-9.571291,1.631905,0.840000,-8.050000,0.630000
-0.478565,-9.360723,1.777867,-1.750000,-9.660000,0.630000
-0.416351,-9.327222,1.804188,-5.180000,-10.710000,0.910000
-0.373280,-9.236296,1.983650,-10.080000,-9.520000,1.190000
-0.411566,-9.049655,2.122434,-13.160000,-9.660000,1.400000
-0.476172,-8.867801,2.093720,-16.100000,-11.690000,-0.070000
-0.445065,-8.611769,2.065006,-20.510000,-13.650000,-2.800000
-0.473779,-8.398808,2.268396,-24.219999,-16.730000,-2.590000
-0.504886,-8.157133,2.926422,-30.590000,-20.580000,-2.240000
-0.636491,-7.310073,6.405586,-36.610001,-27.230000,-7.000000
-0.717847,-6.711867,10.028319,-47.389999,-38.500000,-17.920000
-0.294317,-5.388636,15.218351,-65.379997,-47.670002,-24.990000
0.978664,-4.022335,21.808184,-98.070000,-59.430000,-34.720001
3.232704,-3.259024,27.864420,-157.430008,-71.959999,-43.750000
5.795416,-4.878965,31.439295,-252.000000,-64.190002,-48.020000
8.800802,-8.276773,33.602409,-372.329987,-37.450001,-37.869999
12.504892,-13.780266,33.875191,-484.540009,-5.670000,-17.710001
16.177874,-21.635902,32.889347,-549.429993,33.740002,-3.920000
18.891335,-30.556345,29.257042,-525.140015,110.949997,19.530001
20.812771,-36.440292,25.909483,-389.339996,212.940002,66.709999
23.411379,-37.143784,18.786051,36.259998,376.600006,169.330002
26.457439,-32.348568,7.396214,205.100006,422.660004,205.520004
28.661228,-24.574289,-9.107083,494.130005,522.270020,266.140015
30.522846,-15.955342,-27.055645,747.809998,588.140015,194.180008
30.510883,-12.394822,-47.550175,823.690002,602.630005,17.990000
25.426134,-13.682159,-69.293755,827.539978,660.169983,-148.050003
14.502897,-14.366508,-78.364944,749.349976,700.140015,-237.369995
-0.961915,-13.495520,-78.364944,526.960022,610.400024,-232.889999
-15.292529,-11.514263,-78.364944,116.970001,307.089996,-166.880005
-20.008783,-12.571891,-71.846893,-320.459991,-238.559998,-35.139999
-3.641876,-15.993626,-51.438507,-563.710022,-811.720032,59.080002
19.714466,-20.068604,-36.504902,-541.799988,-1036.839966,17.570000
31.707294,-20.999413,-14.634504,-337.119995,-786.940002,-50.540001
27.742386,-18.230915,2.057827,-86.519997,-386.820007,-53.970001
18.312271,-16.342978,8.123632,95.690002,-164.710007,-16.170000
1.921437,-9.214760,6.580262,181.649994,-53.619999,47.110001
-0.440279,-7.207181,11.303694,181.930008,-154.000000,13.650000
0.756132,-7.061220,12.667603,137.339996,-228.550003,10.990000
2.562713,-4.644469,14.079369,81.690002,-232.399994,62.230000
4.187439,-2.943172,16.261621,14.980000,-216.509995,82.180000
4.220939,-4.141976,14.883357,-51.939999,-171.850006,63.209999
3.287738,-5.793024,14.266008,-98.699997,-136.080002,51.029999
3.263810,-7.884350,11.559726,-116.830002,-112.419998,48.090000
3.098706,-9.324830,10.114462,-106.330002,-96.320000,37.029999
2.641676,-10.564312,8.690732,-73.290001,-78.260002,18.410000
1.990828,-11.265409,7.168896,-35.349998,-63.349998,6.090000
2.141576,-10.997414,6.776474,-6.650000,-64.680000,5.880000
2.895315,-10.052249,5.893522,8.610000,-67.340004,12.250000
3.555735,-9.028119,5.139783,3.710000,-66.360001,4.900000
4.149154,-9.035298,4.742575,-21.490000,-51.730000,-2.800000
4.158726,-9.726824,4.331009,-50.889999,-36.259998,-2.310000
3.816552,-10.396815,4.094120,-67.269997,-26.040001,-2.730000
3.397808,-11.504691,3.349952,-64.540001,-21.910000,-6.720000
2.849852,-12.428321,2.890530,-48.439999,-20.860001,-7.840000
2.761317,-12.823137,2.423929,-22.610001,-22.469999,-5.810000
2.742175,-12.526425,2.325824,4.060000,-22.750000,-6.370000
2.811567,-12.081362,1.988436,25.200001,-19.389999,-5.810000
2.749353,-11.358729,2.012364,37.099998,-11.830000,-1.680000
2.495714,-10.473385,1.799403,38.150002,-4.690000,1.820000
2.139183,-9.815358,1.591227,31.150000,-1.120000,1.890000
1.684547,-9.315259,2.294717,11.620000,-4.970000,0.840000
1.689333,-9.391829,2.581856,1.120000,-5.880000,2.380000
1.641476,-9.382257,2.691926,-6.370000,-0.420000,6.160000
1.457229,-9.322437,2.605784,-8.750000,6.930000,8.260000
1.225125,-9.348758,2.476572,-8.330000,11.130000,8.400000
1.196411,-9.420543,2.206182,-8.050000,14.000000,8.540000
1.136591,-9.533006,1.852045,-6.930000,16.660000,8.820000
0.983450,-9.504292,1.485943,-3.640000,19.530001,6.930000
0.753739,-9.463614,1.332802,1.120000,21.490000,4.060000
0.631705,-9.444471,0.940379,4.970000,21.840000,2.520000
0.540778,-9.336794,0.583849,6.370000,20.440001,0.980000
0.576670,-9.209974,0.588634,2.800000,14.840000,-1.260000
0.679562,-9.382257,0.256032,-4.830000,9.590000,-3.570000
0.815953,-9.561719,0.330210,-14.000000,5.460000,-5.600000
0.861416,-9.990034,0.337388,-22.680000,1.750000,-6.440000
0.885344,-10.279566,0.461815,-20.719999,-0.350000,-5.390000
0.875773,-10.470992,0.500100,-13.160000,-1.050000,-5.810000
0.952343,-10.612168,0.509671,-3.500000,2.380000,-4.130000
1.062413,-10.463813,0.488136,1.890000,7.210000,-0.910000
0.988236,-10.303494,0.220140,4.620000,8.330000,-1.190000
0.887737,-10.310673,0.198604,4.480000,6.440000,-3.640000
0.792024,-10.444671,0.315853,5.040000,2.450000,-3.990000
0.880559,-10.459028,0.394816,7.140000,0.700000,-2.170000
0.918844,-10.346564,0.571885,10.990000,1.190000,-1.540000
0.839881,-10.071390,0.803988,16.240000,2.730000,-0.630000
0.734596,-9.365508,0.409173,16.660000,3.570000,3.150000
0.684347,-9.336794,0.423530,3.080000,0.630000,1.470000
0.765703,-9.585647,0.567099,-9.660000,-3.360000,-0.980000
0.971486,-9.982857,0.870987,-17.010000,-5.530000,0.350000
1.179662,-10.131211,0.921237,-14.770000,-3.430000,0.420000
1.091127,-10.382458,0.787239,-6.020000,0.560000,-0.770000
0.952343,-10.286745,0.528814,1.400000,4.270000,1.330000
0.882952,-10.114462,0.416351,2.940000,4.550000,3.920000
1.002593,-9.999605,0.480957,1.960000,3.080000,3.080000
0.971486,-10.083356,0.595813,2.030000,2.590000,1.890000
0.916451,-9.997212,0.626920,3.360000,3.290000,2.730000
0.823131,-10.004392,0.569492,4.340000,4.200000,3.640000
0.655633,-10.033106,0.638884,4.480000,4.620000,3.850000
0.581456,-9.961320,0.557528,5.530000,3.010000,4.480000
0.665205,-9.812965,0.634098,8.680000,-2.240000,4.550000
0.811167,-9.698111,0.610170,8.540000,-3.500000,2.520000
0.780060,-9.748360,0.579063,4.690000,-1.190000,2.520000
0.648455,-9.853643,0.581456,0.630000,0.910000,4.200000
0.502493,-9.958927,0.588634,-0.770000,-1.470000,2.590000
0.428315,-10.217353,0.770489,2.730000,-6.510000,0.140000
0.614955,-10.377672,0.985843,11.060000,-9.170000,0.700000
0.847059,-10.186246,1.194018,21.070000,-8.120000,1.400000
1.148555,-9.863215,1.342373,27.650000,-4.760000,1.540000
1.203590,-9.477970,1.170090,26.950001,-0.700000,2.100000
1.280160,-9.123833,1.138984,19.180000,2.660000,1.610000
0.904487,-9.387043,0.835095,7.700000,4.900000,0.420000
0.727418,-9.801002,0.928415,-3.290000,5.390000,-0.280000
0.808774,-10.102496,0.990629,-9.590000,1.330000,1.260000
0.940379,-10.298709,0.983450,-6.440000,-0.840000,1.610000
0.971486,-10.339387,1.088734,-0.210000,0.070000,1.190000
0.973879,-10.238889,0.921237,5.040000,1.330000,3.150000
1.091127,-10.035499,0.856631,6.650000,1.890000,4.760000
1.071985,-10.042676,0.792024,4.410000,1.750000,3.080000
1.043271,-10.145569,0.794417,0.140000,2.940000,1.820000
0.856631,-10.308280,0.830309,-2.870000,4.760000,2.450000
0.741775,-10.516455,0.681954,-2.590000,5.460000,4.340000
0.727418,-10.593026,0.502493,-1.190000,4.130000,7.070000
0.648455,-10.717452,0.294317,-2.030000,2.800000,8.120000
0.605384,-10.968699,0.373280,-4.410000,0.490000,8.400000
0.698704,-11.133803,0.531207,-4.270000,-5.320000,11.200000
0.839881,-11.145767,0.734596,0.980000,-7.420000,11.760000
0.966700,-11.157731,0.940379,9.520000,-5.320000,11.410000
0.902094,-11.119448,1.002593,18.690001,-1.610000,12.390000
0.820738,-11.073983,0.811167,25.340000,0.560000,13.790000
0.667598,-11.009377,0.827917,30.170000,1.120000,14.210000
0.581456,-10.820344,0.811167,35.000000,0.210000,17.710001
0.641276,-10.334601,0.882952,37.170002,-0.420000,21.910000
0.768096,-9.901501,0.806381,33.459999,-0.840000,22.330000
0.832702,-9.616754,0.981057,24.500000,-0.490000,21.070000
0.765703,-9.597611,1.124627,16.870001,0.490000,20.370001
0.646062,-9.695717,1.196411,14.420000,1.820000,20.299999
0.177069,-9.552148,1.110270,15.750000,2.450000,21.350000
0.138784,-9.360723,1.172483,18.340000,-1.400000,21.629999
0.318245,-9.162118,1.136591,15.050000,-5.460000,22.400000
0.519243,-9.087940,1.282553,6.580000,-6.790000,22.469999
0.507278,-9.348758,1.354338,-2.730000,-4.760000,20.090000
0.258425,-9.712467,1.562513,-5.390000,-1.190000,18.129999
0.038285,-9.911072,1.485943,-5.390000,-0.280000,17.920000
0.071785,-9.810574,1.478764,10.010000,-3.290000,17.430000
0.222532,-9.640682,1.483550,18.690001,-4.550000,16.799999
0.387637,-9.298509,1.440479,22.750000,-1.190000,17.639999
0.368495,-8.980263,1.536192,22.820000,2.660000,17.850000
0.174676,-8.822337,1.335195,20.510000,5.670000,16.450001
-0.169890,-8.786445,1.261017,16.240000,6.720000,14.560000
-0.339781,-8.884550,1.127020,7.700000,2.590000,13.230000
-0.287139,-9.056834,1.177269,3.640000,-2.310000,11.620000
-0.011964,-9.444471,1.299303,3.500000,-3.360000,8.470000
0.071785,-9.681360,1.703690,11.130000,-0.420000,7.000000
-0.071785,-9.753145,1.825724,26.809999,6.930000,10.430000
-0.392423,-9.183653,1.713261,43.259998,12.180000,13.720000
-0.631705,-8.329416,1.316052,51.029999,8.750000,11.760000
-0.648455,-7.702496,1.069592,44.170002,0.350000,6.370000
-0.406780,-7.539784,0.993021,23.799999,-5.740000,2.590000
-0.220140,-7.786245,1.110270,-1.400000,-6.860000,1.610000
-0.110070,-8.307880,1.442872,-20.790001,-8.260000,0.770000
-0.126820,-9.087940,1.811367,-27.440001,-11.200000,0.560000
0.346959,-10.124033,2.529213,-20.930000,-12.320000,2.520000
0.279960,-9.980463,2.876173,10.010000,-8.120000,2.660000
0.055035,-9.253045,3.196811,39.200001,-2.940000,5.670000
-0.078963,-7.546963,3.591627,70.139999,0.630000,11.130000
-0.210568,-5.173282,4.130012,106.400002,3.010000,11.480000
-0.839881,-2.021935,5.436492,155.399994,11.620000,1.050000
-1.306481,2.392823,5.702096,222.320007,25.059999,-11.340000
-1.885544,8.281559,5.089533,310.450012,34.650002,-23.730000
-3.067599,15.608383,2.849852,406.140015,57.889999,-45.009998
-4.620540,23.743979,-4.484150,504.209991,81.830002,-80.290001
-6.561120,33.635906,-16.051056,595.840027,86.239998,-143.919998
-9.358330,42.946381,-30.101707,636.859985,37.939999,-278.600006
-11.892329,46.557148,-39.735214,547.119995,-96.110001,-443.869995
-9.671788,41.836113,-45.588055,242.059998,-312.269989,-443.309998
0.660419,29.120651,-41.580082,-603.820007,-744.659973,-211.889999
19.903500,8.889337,-48.291950,-1246.910034,-922.880005,32.830002
47.688953,-18.068203,-60.040710,-1816.640015,-1032.569946,129.080002
68.071014,-57.521065,-76.108513,-2260.300049,-815.989990,103.739998
63.237514,-78.398445,-78.364944,-2293.689941,-131.180008,68.250000
34.832317,-78.398445,-63.278194,-1786.329956,515.619995,-112.489998
-8.047063,-78.398445,-41.024940,-61.389999,503.160004,-93.940002
-2.289931,-78.398445,-53.570511,1329.790039,-52.500000,224.839996
15.079568,-60.461842,-57.600025,1630.930054,-112.910004,250.040009
17.864815,-29.929426,-39.326038,1358.140015,25.969999,138.669998
14.143975,-11.002198,-19.317257,928.130005,165.759995,89.949997
4.577469,0.055035,-4.567898,477.679993,168.279999,126.980003
2.758924,-3.058028,-1.586441,-95.550003,80.989998,199.500000
2.435893,-9.049655,-0.421137,-315.700012,21.070000,193.550003
3.086741,-14.694324,4.024727,-346.079987,-55.790001,156.309998
4.165904,-18.180666,7.403394,-193.479996,-91.209999,129.850006
5.711668,-17.879169,7.513463,67.059998,-86.309998,142.729996
7.601997,-13.928620,4.551149,313.529999,-65.029999,174.789993
8.822337,-8.764909,-0.124427,452.970001,-27.020000,180.389999
8.707481,-3.294917,0.062213,477.399994,11.690000,150.289993
7.671390,-0.514457,-2.002793,427.070007,48.650002,109.270004
5.534599,1.000200,-2.088934,334.459991,68.040001,83.580002
3.883551,1.289732,-2.821138,228.479996,87.360001,84.559998
2.469393,1.227518,-3.160919,130.550003,82.949997,95.129997
1.610370,0.421137,-3.440879,53.340000,62.299999,97.090004
1.083949,-1.069592,-3.558127,-24.710001,23.660000,84.980003
1.442872,-2.481357,-1.878366,-46.970001,8.750000,81.480003
1.651048,-3.531806,-1.543371,-39.060001,10.500000,82.250000
1.531406,-3.759124,-1.196411,-11.620000,15.750000,77.629997
1.354338,-3.778267,-0.815953,12.320000,13.090000,67.970001
1.433301,-3.605984,-0.887737,25.480000,8.750000,61.599998
1.643869,-2.811567,-0.540778,29.260000,7.630000,50.820000
1.813759,-2.639283,-0.002393,21.700001,4.970000,35.420002
1.658226,-3.046063,0.093320,6.020000,17.710001,29.190001
1.012164,-3.457629,-0.110070,-14.000000,26.180000,28.910000
0.313460,-3.804588,-0.078963,-29.190001,25.200001,24.430000
-0.485743,-5.139783,0.897308,-38.290001,13.230000,15.890000
-0.038285,-5.965307,1.024128,-53.130001,-7.490000,10.010000
0.358923,-6.522834,1.507478,-59.080002,-6.930000,10.640000
0.308674,-7.006185,1.718047,-58.450001,1.890000,7.630000
-0.100499,-7.661818,1.765903,-53.830002,7.980000,1.680000
-0.569492,-8.264810,1.832902,-50.470001,8.960000,-1.190000
-0.629312,-8.803195,1.526621,-51.240002,7.630000,-0.420000
-0.547956,-9.217153,1.988436,-50.750000,0.630000,-3.290000
-0.241675,-9.877571,2.043471,-47.040001,-7.560000,-8.470000
0.069392,-10.619347,2.203789,-40.740002,-11.900000,-10.080000
0.358923,-11.076375,2.388037,-34.509998,-7.910000,-5.950000
0.492921,-11.255837,2.309074,-24.850000,-1.470000,0.210000
0.514457,-11.100305,2.175076,-9.660000,2.870000,3.360000
0.459422,-11.062018,1.689333,8.330000,6.370000,3.570000
0.327817,-10.892128,1.105484,19.670000,10.010000,4.410000
0.117248,-10.660025,0.732204,14.350000,9.660000,0.070000
-0.136391,-10.868200,0.665205,4.900000,4.760000,-3.430000
-0.145962,-11.200804,0.827917,-0.140000,-0.280000,-1.190000
0.066999,-11.399406,1.122234,3.500000,-1.960000,2.030000
0.279960,-11.483156,1.378266,14.000000,-0.210000,4.830000
0.385244,-11.291731,1.557728,28.490000,4.340000,6.650000
0.172283,-11.016556,1.416551,41.720001,10.360000,10.710000
-0.016750,-10.236496,1.268196,48.160000,12.040000,14.070000
-0.169890,-9.602397,0.892523,43.540001,8.470000,12.670000
-0.155533,-9.059227,0.906880,29.610001,2.310000,7.350000
-0.007178,-9.236296,1.349552,13.720000,-1.260000,2.870000
-0.064606,-9.418150,1.600798,2.240000,-0.630000,3.360000
-0.076570,-9.506684,1.380659,-2.240000,3.780000,4.130000
-0.189033,-9.516255,1.454836,-1.750000,3.780000,3.220000
-0.179462,-9.633504,1.416551,-3.360000,1.680000,1.470000
-0.112463,-9.762716,1.380659,-6.160000,1.260000,1.890000
-0.155533,-9.841680,1.459622,-7.700000,3.010000,2.730000
-0.289532,-9.961320,1.643869,-5.670000,4.340000,1.750000
-0.459422,-9.932607,1.533799,-0.700000,4.830000,2.240000
-0.390030,-9.824929,1.471586,4.690000,3.710000,4.620000
-0.217747,-9.523434,1.529014,7.210000,0.910000,4.970000
-0.102891,-9.487542,1.423729,5.670000,0.420000,2.310000
-0.112463,-9.434900,1.428515,1.470000,3.150000,1.540000
-0.191426,-9.470792,1.529014,-2.870000,4.340000,2.380000
-0.141177,-9.504292,1.356731,-4.970000,2.730000,0.210000
-0.119641,-9.667004,1.493121,-2.660000,4.130000,-1.050000
-0.038285,-9.789038,1.533799,0.770000,6.790000,0.910000
-0.050249,-9.786645,1.452443,4.480000,9.310000,1.330000
-0.129212,-9.755538,1.440479,7.140000,9.660000,-0.350000
-0.141177,-9.731609,1.430908,7.560000,7.350000,-1.330000
-0.117248,-9.853643,1.361516,7.280000,5.320000,-1.190000
-0.124427,-9.820145,1.275374,7.070000,3.850000,-0.770000
-0.093320,-9.801002,1.351945,6.930000,2.240000,-0.980000
0.007178,-9.820145,1.299303,5.740000,0.560000,-0.700000
0.090927,-9.765109,1.464408,4.130000,-0.350000,-0.490000
0.181855,-9.705289,1.686940,3.850000,-0.350000,-0.910000
0.294317,-9.702895,1.593620,4.130000,1.330000,-1.190000
0.095713,-9.659825,1.411765,2.100000,7.210000,0.700000
-0.282353,-9.741181,1.184447,-2.170000,10.010000,0.980000
-0.452243,-9.815358,1.205983,-5.460000,6.650000,1.190000
-0.373280,-9.927821,1.263410,-6.510000,2.100000,2.590000
-0.220140,-10.011569,1.368695,-5.670000,-0.560000,2.660000
-0.069392,-10.064213,1.469193,-3.220000,-0.280000,2.170000
0.007178,-10.018748,1.646262,-3.220000,1.260000,2.450000
-0.059821,-9.908678,1.543371,3.990000,3.570000,2.800000
-0.141177,-9.801002,1.359123,7.000000,5.810000,2.170000
-0.315853,-9.700503,1.251446,6.720000,5.250000,0.770000
-0.279960,-9.626326,1.251446,3.920000,1.610000,0.280000
-0.066999,-9.700503,1.256232,0.210000,-1.400000,0.420000
0.045464,-9.745967,1.282553,-3.780000,1.820000,0.840000
-0.086142,-9.844072,1.363909,-2.170000,4.970000,0.630000
-0.251246,-9.920642,1.160519,2.520000,5.390000,1.050000
-0.409173,-9.793823,1.091127,7.770000,3.570000,0.840000
-0.361316,-9.564112,1.071985,9.380000,-1.190000,-0.560000
-0.205783,-9.492328,1.210768,6.860000,-3.710000,-0.980000
-0.028714,-9.399008,1.289732,1.190000,-2.590000,-0.420000
-0.019143,-9.444471,1.438086,-3.500000,-0.140000,-0.910000
-0.133998,-9.616754,1.450050,-5.530000,1.120000,-2.660000
-0.294317,-9.815358,1.562513,-3.150000,-0.140000,-2.520000
-0.253639,-9.901501,1.619941,0.420000,-1.960000,0.140000
-0.102891,-9.844072,1.739582,0.630000,-2.310000,0.280000
-0.136391,-9.958927,1.806581,-1.330000,-1.680000,-0.770000
-0.107677,-9.958927,1.847259,-3.290000,-0.630000,1.540000
-0.141177,-10.018748,1.837688,-2.380000,-0.630000,1.540000
-0.155533,-10.083356,1.770689,-0.770000,0.070000,0.700000
-0.110070,-10.205389,1.636691,0.630000,-0.420000,0.700000
-0.110070,-10.236496,1.706082,1.960000,-0.280000,0.560000
-0.095713,-10.296316,1.696511,3.220000,0.210000,0.700000
-0.169890,-10.320245,1.555335,4.760000,1.540000,3.080000
-0.174676,-10.114462,1.540978,6.440000,2.800000,5.180000
-0.110070,-10.016356,1.490728,7.840000,1.190000,3.850000
0.007178,-10.059426,1.521835,9.450000,-1.330000,0.910000
0.045464,-10.205389,1.552942,10.920000,0.630000,-1.750000
-0.064606,-10.255639,1.615155,12.460000,2.240000,-0.840000
-0.112463,-10.004392,1.574477,18.690001,4.270000,2.870000
-0.236889,-9.750752,1.524228,27.299999,2.660000,2.800000
-0.191426,-9.410972,1.325624,26.809999,0.490000,3.920000
0.009571,-9.090333,1.416551,20.299999,-0.980000,5.600000
0.110070,-8.901299,1.270589,7.630000,1.190000,5.180000
0.016750,-9.152546,1.253839,-6.720000,4.690000,4.480000
-0.303888,-9.506684,1.335195,-15.680000,5.040000,5.600000
-0.526421,-9.836893,1.488336,-15.190001,0.210000,5.740000
-0.437887,-10.088140,1.569692,-7.420000,-5.950000,5.950000
-0.117248,-10.119246,1.610370,1.890000,-8.120000,7.280000
0.098106,-9.956534,1.562513,6.790000,-6.300000,6.090000
0.095713,-9.942179,1.627119,6.790000,-3.430000,5.180000
0.078963,-9.841680,1.588834,5.460000,-0.420000,6.510000
-0.057428,-10.006784,1.552942,5.530000,0.560000,4.900000
-0.153141,-9.985250,1.737189,7.840000,1.120000,5.460000
-0.193819,-9.884750,1.677369,12.810000,0.630000,6.090000
-0.126820,-9.702895,1.799403,20.580000,-0.560000,3.640000
-0.110070,-9.535398,1.959722,28.280001,-0.560000,1.190000
-0.100499,-9.320045,1.837688,33.389999,2.030000,0.770000
-0.064606,-8.841480,2.081756,37.029999,3.010000,0.630000
0.105284,-8.446664,2.232504,40.810001,3.500000,-1.820000
0.133998,-7.865208,2.696711,46.549999,4.340000,-5.320000
-0.040678,-7.044470,3.148954,56.139999,9.660000,-6.790000
-0.421137,-5.355137,4.082155,75.879997,22.120001,-5.880000
-0.880559,-2.696711,5.242674,116.340004,33.670002,-12.740000
-0.732204,0.870987,6.247660,182.279999,34.299999,-21.770000
0.303888,6.357729,6.874579,309.119995,32.759998,-18.129999
1.679761,13.323236,6.352944,376.459991,48.860001,-34.650002
2.311467,22.006790,5.230711,422.450012,69.790001,-90.650002
2.270789,30.429525,-0.772882,436.869995,59.639999,-181.789993
1.605584,37.720455,-10.600205,386.190002,23.379999,-299.040009
0.504886,41.860039,-22.387249,255.779999,-30.450001,-416.500000
-0.976272,41.395832,-33.025738,18.620001,-106.959999,-487.970001
-0.897308,35.004604,-41.094334,-326.970001,-252.000000,-481.110016
4.814359,21.848866,-43.664230,-762.090027,-478.170013,-377.160004
17.816957,1.361516,-48.004807,-1259.510010,-685.229980,-218.470001
54.781284,-57.805809,-77.769127,-1749.089966,-782.460022,-72.660004
59.643497,-78.398445,-78.364944,-2137.870117,-680.750000,12.670000
37.691742,-78.398445,-64.137222,-2031.959961,-206.430008,-13.860000
-4.218546,-78.398445,-43.542191,-1029.839966,694.330017,-111.300003
-12.311072,-78.398445,-50.347382,610.260010,359.450012,78.470001
4.761717,-61.062443,-54.948776,1629.810059,-87.709999,287.700012
14.816358,-28.886156,-46.722256,1812.510010,-158.830002,277.899994
15.574883,-4.371687,-32.118858,1593.829956,-68.739998,120.750000
10.928021,8.774480,-17.137396,1140.650024,55.160000,-42.070000
4.328616,11.607583,-8.554340,535.849976,166.529999,-55.439999
-1.071985,7.448857,-5.608776,-68.250000,198.589996,92.610001
-3.165704,1.387837,-4.965107,-505.470001,140.000000,240.309998
-2.974278,-7.116255,-4.156333,-716.380005,29.260000,229.250000
-2.067399,-16.493725,1.816152,-691.320007,-101.639999,106.889999
-0.148355,-23.023739,8.173882,-458.850006,-191.729996,47.250000
3.854837,-23.712872,9.399008,47.320000,-189.139999,153.020004
7.893922,-18.776478,6.144768,304.989990,-122.010002,206.430008
9.623933,-12.538391,1.610370,425.670013,-59.080002,168.210007
8.927622,-8.300702,-1.203590,425.320007,-8.470000,93.519997
6.257231,-6.489335,-2.591427,354.339996,29.750000,64.190002
3.629912,-5.163712,-3.450450,250.809998,49.840000,85.190002
1.794617,-3.869194,-4.058227,150.080002,38.009998,103.180000
1.418944,-4.005585,-3.897908,68.879997,2.800000,96.669998
1.457229,-5.302495,-3.084348,13.510000,-27.370001,86.449997
2.124826,-7.099504,-1.947758,-10.360000,-35.910000,90.090004
2.756532,-8.202596,-1.433301,-5.180000,-23.730000,98.699997
2.081756,-8.389235,-0.732204,23.170000,-9.940000,98.419998
1.993221,-8.030313,-0.818345,63.139999,-8.330000,86.519997
2.143969,-7.307681,-0.818345,112.770004,-12.810000,83.510002
2.483750,-6.254838,-0.677169,125.440002,-8.750000,79.660004
2.699104,-5.185246,-0.112463,125.860001,-3.710000,72.800003
2.742175,-4.613362,-0.021535,122.430000,3.360000,65.309998
2.359323,-4.024727,-0.191426,113.959999,12.670000,60.549999
1.785046,-3.519842,-0.260818,97.230003,19.600000,56.279999
1.282553,-3.292524,-0.320638,73.010002,21.070000,51.099998
0.988236,-3.383451,-0.011964,44.660000,16.450001,45.009998
1.124627,-3.572484,0.658026,18.690001,7.700000,37.869999
1.349552,-4.079762,1.091127,1.820000,3.150000,32.270000
1.217947,-4.567898,1.349552,-6.580000,8.540000,26.600000
0.789631,-4.969893,1.397408,-9.660000,17.430000,19.670000
0.315853,-5.661418,1.469193,-13.860000,21.280001,11.550000
0.038285,-6.084948,1.540978,-18.200001,19.670000,7.350000
-0.110070,-6.642475,1.679761,-21.000000,17.080000,4.130000
-0.236889,-7.089933,1.708475,-22.750000,17.010000,2.380000
-0.337388,-7.487142,1.584049,-25.830000,16.660000,1.260000
-0.260818,-7.898707,1.552942,-30.940001,12.180000,-0.280000
-0.272782,-8.410772,1.481157,-35.279999,9.800000,-2.170000
-0.260818,-8.889337,1.371087,-35.980000,10.710000,-4.200000
-0.370888,-9.391829,1.366302,-32.480000,10.780000,-5.320000
-0.344566,-9.667004,1.366302,-23.870001,7.210000,-5.600000
0.007178,-10.023535,1.122234,-13.230000,4.690000,-5.950000
0.007178,-10.023535,0.686740,-6.020000,6.650000,-7.280000
-0.198604,-10.243673,0.614955,-3.920000,10.780000,-7.490000
-0.323031,-10.399208,0.435494,-6.790000,11.900000,-5.880000
-0.492921,-10.614561,0.406780,-8.820000,11.130000,-5.110000
-0.557528,-10.794022,0.504886,-9.870000,8.470000,-3.710000
-0.550349,-10.774881,0.641276,-7.630000,4.130000,-1.470000
-0.375673,-10.736595,0.784846,-2.660000,-0.210000,-0.350000
-0.318245,-10.640882,0.892523,3.500000,-2.170000,-0.910000
-0.246461,-10.511670,0.926022,9.240000,-0.210000,0.560000
-0.239282,-10.277173,0.933201,12.250000,2.730000,3.920000
-0.150748,-10.035499,0.921237,12.530000,2.660000,6.230000
-0.131605,-9.934999,0.890130,10.710000,1.960000,4.830000
-0.258425,-9.997212,0.897308,7.420000,3.080000,3.500000
-0.423530,-10.035499,0.887737,2.450000,5.110000,5.250000
-0.567099,-9.923036,0.990629,1.680000,4.550000,8.330000
-0.614955,-9.851252,0.961915,3.710000,0.420000,7.210000
-0.547956,-9.836893,1.033699,5.180000,-0.700000,5.880000
-0.485743,-9.772287,1.131805,6.300000,-0.910000,6.160000
-0.375673,-9.647861,1.148555,7.560000,-1.330000,5.390000
-0.248854,-9.600004,1.205983,7.770000,-1.750000,4.620000
-0.081356,-9.540184,1.311267,7.280000,-0.140000,2.380000
-0.086142,-9.669396,1.234696,5.740000,2.590000,0.420000
-0.272782,-9.736395,1.160519,4.970000,5.530000,0.210000
-0.519243,-9.822537,1.026521,4.130000,7.490000,0.420000
-0.734596,-9.911072,0.959522,2.520000,5.040000,1.470000
-0.662812,-9.889536,1.028914,2.800000,-0.560000,2.100000
-0.344566,-9.841680,1.194018,4.970000,-4.060000,2.310000
-0.358923,-9.755538,1.131805,7.560000,0.700000,3.850000
-0.392423,-9.631111,1.141376,8.260000,2.590000,4.760000
-0.368495,-9.600004,0.878166,8.260000,1.050000,3.360000
-0.387637,-9.659825,0.854238,5.600000,0.980000,1.260000
-0.519243,-9.796216,0.906880,2.310000,2.800000,0.700000
-0.521635,-9.690931,0.909273,0.490000,2.590000,3.080000
-0.282353,-9.564112,0.983450,0.280000,-0.420000,4.340000
-0.141177,-9.626326,0.887737,-0.420000,-1.050000,2.170000
-0.081356,-9.585647,1.007378,-2.940000,1.610000,0.280000
0.026321,-9.461221,1.337588,-5.600000,5.530000,-0.630000
0.026321,-9.475577,1.282553,-6.440000,9.100000,-1.750000
-0.145962,-9.332008,1.349552,-6.650000,11.060000,-1.820000
-0.392423,-9.238688,1.033699,-7.770000,16.660000,-1.540000
-0.722632,-9.131011,0.928415,-14.490000,18.270000,-0.560000
-0.799203,-9.253045,0.842274,-21.700001,12.040000,1.050000
-0.629312,-9.420543,0.897308,-28.490000,7.630000,2.660000
-0.401994,-9.748360,0.976272,-32.270000,8.260000,2.520000
-0.382852,-10.124033,1.107877,-30.100000,11.200000,4.270000
-0.524028,-10.320245,1.172483,-20.370001,13.790000,7.350000
-0.557528,-10.368099,0.887737,-7.070000,12.600000,7.210000
-0.583849,-10.224532,1.019342,5.600000,7.910000,4.340000
-0.440279,-10.066606,0.978664,13.300000,6.160000,3.850000
-0.392423,-9.473185,0.916451,15.120000,8.610000,3.080000
-0.392423,-9.473185,0.916451,12.180000,10.010000,-0.280000
-0.839881,-9.432507,0.521635,7.770000,10.360000,-0.070000
-0.859023,-9.348758,0.449851,-0.490000,6.230000,2.450000
-0.696311,-9.525827,0.519243,-6.440000,-0.560000,-1.190000
-0.459422,-9.879964,0.705883,-11.410000,-4.690000,-1.610000
-0.265603,-9.961320,0.961915,-12.810000,-3.640000,1.330000
-0.263210,-10.054641,1.012164,-8.610000,-1.050000,1.260000
-0.361316,-10.114462,0.902094,-1.400000,0.070000,1.260000
-0.260818,-9.982857,0.995414,4.620000,-1.470000,0.350000
-0.167498,-9.927821,1.048056,6.510000,-3.150000,-0.560000
-0.129212,-9.877571,1.031307,5.810000,0.070000,-1.260000
-0.306281,-9.844072,0.993021,4.760000,4.480000,-0.210000
-0.490529,-9.812965,0.784846,3.360000,5.740000,0.630000
-0.696311,-9.839286,0.605384,1.190000,5.390000,1.190000
-0.787239,-9.824929,0.646062,-1.680000,2.660000,2.030000
-0.772882,-9.860823,0.667598,-5.110000,-3.710000,1.470000
-0.519243,-9.894321,0.803988,-5.670000,-5.460000,1.470000
-0.354138,-9.954143,1.007378,-5.530000,-4.830000,2.520000
-0.220140,-9.982857,0.985843,-4.900000,-0.630000,3.710000
-0.313460,-9.958927,0.957129,-3.570000,4.410000,3.920000
-0.468993,-9.990034,0.815953,-1.470000,5.670000,3.080000
-0.729811,-9.946963,0.765703,2.240000,3.710000,2.450000
-0.736989,-9.961320,0.593420,4.900000,0.140000,2.520000
-0.602991,-9.868000,0.705883,4.480000,-3.360000,4.060000
-0.406780,-9.734003,0.691526,1.260000,-2.380000,5.600000
-0.325424,-9.698111,0.722632,-3.080000,0.840000,4.970000
-0.665205,-9.925428,0.713061,-5.460000,2.870000,3.850000
-0.825524,-9.980463,0.629312,-4.270000,2.730000,2.800000
-0.868595,-10.047462,0.677169,-1.190000,-1.540000,2.380000
-0.748954,-9.990034,0.753739,2.170000,-3.710000,3.570000
-0.674776,-9.915856,0.629312,4.690000,-2.240000,5.180000
-0.746561,-9.731609,0.653241,5.600000,-1.120000,5.740000
-0.763310,-9.616754,0.789631,4.900000,-2.940000,5.320000
-0.614955,-9.583255,0.801596,2.380000,-5.460000,5.460000
-0.519243,-9.544970,0.866202,-0.490000,-5.180000,4.480000
-0.454636,-9.623933,1.064806,-2.030000,-3.990000,3.150000
-0.495314,-9.722038,0.969093,-1.470000,-2.800000,2.800000
-0.533599,-9.784252,0.933201,-0.350000,-1.470000,3.010000
-0.698704,-9.958927,0.725025,-1.960000,-0.070000,4.270000
-0.760918,-10.049855,0.784846,-4.900000,-0.490000,4.690000
-0.823131,-10.267602,0.823131,-8.750000,-5.600000,2.800000
-0.756132,-10.511670,1.026521,-8.680000,-6.650000,3.570000
-0.705883,-10.870593,1.076770,-6.300000,-5.670000,7.000000
-0.655633,-10.863414,1.119841,-2.030000,-4.830000,8.540000
-0.552742,-10.990234,1.110270,2.940000,-5.810000,6.860000
-0.509671,-11.133803,1.146162,7.140000,-5.180000,5.670000
-0.562313,-11.239087,1.227518,11.620000,-3.080000,6.860000
-0.557528,-11.286944,0.997807,16.030001,-2.240000,8.400000
-0.555135,-11.231910,1.014557,20.719999,-4.060000,9.730000
-0.502493,-11.289338,0.562313,22.049999,-3.780000,11.620000
-0.514457,-11.286944,0.562313,20.020000,-2.170000,14.630000
-0.490529,-11.392227,0.557528,15.820000,-3.780000,18.200001
-0.521635,-11.497513,0.591027,12.180000,-5.250000,21.070000
-0.794417,-11.722438,0.710668,15.750000,-3.360000,22.540001
-1.062413,-11.665009,0.811167,27.020000,-2.030000,25.480000
-0.988236,-11.143374,0.995414,45.150002,-6.930000,29.400000
-0.641276,-10.533205,1.040878,64.820000,-12.950000,30.170000
-0.313460,-9.726824,1.344766,81.269997,-14.350000,28.770000
-0.193819,-8.839087,1.459622,91.980003,-9.870000,29.610001
0.069392,-7.329216,2.512464,98.000000,-8.330000,36.470001
0.440279,-4.606184,4.098906,109.690002,-4.410000,52.709999
0.282353,0.227318,5.400600,150.779999,18.830000,76.510002
0.473779,7.233503,6.644868,239.750000,52.849998,92.959999
1.938186,15.579668,5.620740,354.619995,66.639999,98.840004
4.395615,25.368704,-0.356531,444.989990,57.189999,76.650002
6.666404,34.341789,-5.335995,370.019989,28.420000,-68.320000
7.654640,39.768715,-9.846465,197.470001,51.380001,-192.289993
6.374479,40.831127,-16.709082,40.529999,59.779999,-295.890015
4.108476,39.519855,-22.865814,-73.919998,9.100000,-389.059998
3.984050,35.466419,-26.644079,-197.050003,-125.790001,-446.250000
9.044869,28.931620,-27.527033,-434.140015,-298.760010,-428.399994
20.528025,16.888542,-30.111280,-811.789978,-443.660004,-351.329987
36.756149,-4.244867,-39.582073,-1297.800049,-514.220032,-222.250000
49.890350,-34.566715,-61.631931,-1864.520020,-368.829987,-79.309998
47.614773,-68.520866,-78.364944,-2279.620117,146.720001,-1.820000
23.708086,-78.398445,-78.364944,-2237.479980,752.220032,-43.750000
-22.808386,-78.398445,-65.465233,-1228.500000,830.059998,-126.699997
-11.983256,-73.773117,-56.042297,617.190002,36.820000,82.040001
11.799009,-46.746185,-58.399227,1812.020020,-471.940002,258.579987
18.013168,-16.438692,-35.320454,1738.170044,-283.570007,155.889999
14.560326,-0.363709,-22.315462,1417.780029,-43.610001,-6.860000
7.403394,9.150154,-11.559726,948.570007,128.660004,-42.420002
0.253639,13.526627,-6.496514,416.220001,233.380005,48.790001
-4.661219,10.360922,-4.340580,-85.260002,197.960007,142.940002
-6.506085,1.866402,-3.900301,-438.970001,89.529999,175.279999
-5.517848,-6.491727,-2.639283,-573.369995,-30.940001,139.509995
-2.141576,-14.215759,2.342573,-524.020020,-179.199997,69.650002
2.806781,-18.556339,6.963113,-341.950012,-227.290009,56.770000
4.869394,-17.587246,9.104690,-66.500000,-171.220001,95.410004
6.317052,-14.397614,4.876573,209.160004,-99.400002,117.599998
6.029913,-10.906486,0.236889,444.149994,-48.509998,81.480003
3.799802,-7.475177,-3.790231,446.809998,-1.400000,50.820000
2.474179,-5.056034,-5.570491,373.100006,-6.440000,43.680000
1.684547,-2.976671,-5.955735,262.500000,-15.750000,49.770000
1.232304,-2.079363,-6.242875,150.500000,-54.320000,45.639999
2.335395,-2.952743,-3.711268,45.009998,-67.410004,46.410000
3.117848,-5.008178,-3.244668,-30.590000,-46.480000,57.820000
2.383251,-5.986843,-2.335395,-67.410004,-27.930000,56.420002
1.775474,-7.657032,-1.232304,-76.230003,-39.549999,46.970001
1.773082,-9.530612,-0.988236,-66.080002,-40.599998,59.570000
1.852045,-9.320045,-0.160319,-40.250000,-38.290001,67.059998
2.268396,-9.915856,-0.052642,-3.780000,-43.959999,52.570000
1.878366,-9.789038,0.330210,36.750000,-23.309999,48.930000
1.763510,-8.463413,0.507278,95.690002,-9.800000,56.139999
1.670190,-7.240681,0.021535,121.520004,-9.800000,52.779999
1.483550,-6.247660,-0.636491,127.400002,-8.330000,45.990002
1.497907,-5.137390,0.320638,110.320000,-8.960000,42.279999
1.320838,-4.689932,-0.098106,77.000000,2.800000,39.130001
0.777667,-4.388437,0.509671,41.509998,6.230000,31.150000
0.294317,-5.048856,0.385244,11.690000,5.110000,24.080000
0.011964,-5.355137,0.995414,-12.250000,3.850000,24.290001
-0.057428,-5.936593,1.095913,-30.170000,1.050000,20.090000
-0.222532,-6.762117,1.713261,-36.259998,-4.410000,10.220000
-0.143569,-7.415358,1.730011,-31.990000,-2.870000,8.330000
-0.136391,-7.645068,2.031506,-23.379999,-4.200000,7.840000
0.004786,-7.891530,1.964507,-14.280000,-4.480000,5.040000
-0.047856,-7.996813,1.813759,-4.060000,-1.470000,1.050000
-0.071785,-7.982457,1.959722,-2.380000,4.130000,-1.610000
-0.236889,-8.149954,1.660619,-3.150000,6.440000,-5.600000
-0.476172,-8.480164,1.615155,-5.390000,7.350000,-3.500000
-0.468993,-8.573483,1.217947,-9.450000,7.140000,0.350000
-0.435494,-8.705089,1.079163,-13.230000,3.290000,-3.850000
-0.363709,-9.133404,1.177269,-16.870001,-0.770000,-8.960000
-0.306281,-9.590433,1.007378,-21.350000,-0.210000,-6.790000
-0.284746,-9.808180,0.890130,-25.129999,2.450000,-3.430000
-0.210568,-10.045070,0.899701,-26.040001,0.840000,-3.220000
-0.047856,-10.415956,1.016950,-21.559999,4.060000,-1.750000
-0.385244,-10.801201,0.650848,-15.820000,10.710000,-0.350000
-0.610170,-10.896914,0.382852,-3.430000,10.780000,0.910000
-0.689133,-10.832308,0.375673,1.680000,7.350000,2.520000
-0.612563,-10.683953,0.399601,4.200000,5.110000,4.340000
-0.401994,-10.497313,0.672383,6.300000,2.520000,5.180000
-0.325424,-10.255639,0.677169,9.800000,1.610000,5.390000
-0.344566,-10.088140,0.569492,12.390000,4.760000,5.320000
-0.545564,-9.887143,0.581456,11.900000,8.120000,4.690000
-0.672383,-9.789038,0.602991,10.150000,6.860000,3.360000
-0.717847,-9.772287,0.636491,6.300000,4.200000,3.640000
-0.803988,-9.796216,0.617348,2.100000,5.740000,4.690000
-0.935594,-9.729217,0.758525,0.910000,6.580000,4.340000
-0.935594,-9.695717,0.825524,3.220000,4.200000,3.220000
-0.856631,-9.494720,0.945165,7.420000,0.560000,3.430000
-0.679562,-9.442079,0.808774,8.680000,-0.070000,3.150000
-0.658026,-9.320045,0.811167,4.550000,1.610000,3.500000
-0.602991,-9.355937,0.856631,-0.770000,2.800000,4.760000
-0.617348,-9.470792,0.863809,-5.880000,3.780000,5.530000
-0.691526,-9.597611,0.930808,-7.980000,3.360000,4.620000
-0.722632,-9.702895,0.949951,-6.020000,1.260000,2.730000
-0.734596,-9.882358,1.131805,-0.840000,0.560000,1.610000
-0.684347,-9.872787,1.119841,6.370000,-0.070000,1.750000
-0.583849,-9.748360,1.050449,12.600000,-1.540000,2.240000
-0.394816,-9.535398,0.973879,14.000000,-0.420000,2.730000
-0.239282,-9.389436,0.916451,9.730000,2.520000,3.850000
-0.253639,-9.353544,0.744168,2.940000,5.250000,2.380000
-0.586242,-9.736395,0.562313,-8.120000,7.000000,-1.680000
-0.930808,-10.023535,0.504886,-11.130000,10.500000,0.700000
-1.079163,-10.107283,0.519243,-8.610000,6.860000,2.450000
-0.985843,-10.107283,0.588634,-1.610000,-0.070000,2.800000
-0.722632,-9.923036,0.619741,6.230000,-4.830000,4.270000
-0.346959,-9.501899,0.713061,11.690000,-4.970000,4.410000
-0.277567,-9.370294,0.636491,11.760000,-0.910000,1.820000
-0.445065,-9.291330,0.545564,7.070000,4.550000,0.560000
-0.612563,-9.269794,0.567099,-0.350000,5.390000,1.050000
-0.650848,-9.473185,0.509671,-7.910000,3.360000,0.210000
-0.758525,-9.726824,0.591027,-12.740000,2.380000,-0.350000
-0.894916,-9.784252,0.732204,-12.040000,2.870000,1.540000
-0.954736,-8.980263,0.354138,-5.810000,0.490000,1.190000
-1.036092,-9.114261,0.428315,-10.360000,-10.150000,-12.740000
-0.923629,-9.647861,0.425922,-17.920000,-10.150000,-3.710000
-0.547956,-9.384650,0.686740,-21.280001,-7.210000,1.330000
-0.390030,-9.583255,0.923629,-17.850000,-5.460000,-3.220000
-0.323031,-10.121639,1.110270,-10.080000,-1.120000,-1.610000
-0.397209,-10.310673,1.009771,-2.310000,6.160000,4.060000
-0.619741,-10.214959,0.995414,5.670000,9.380000,5.040000
-0.780060,-10.193424,0.799203,12.670000,7.070000,1.120000
-0.954736,-10.052249,0.815953,16.030001,2.520000,-0.420000
-0.894916,-9.832108,0.636491,12.530000,-0.770000,0.420000
-0.734596,-9.621540,0.748954,4.970000,-1.470000,2.100000
-0.416351,-9.580862,0.859023,-3.570000,-2.100000,2.380000
-0.342174,-9.822537,1.002593,-9.730000,-2.170000,1.050000
-0.488136,-10.078569,0.964308,-13.510000,3.570000,0.490000
-0.686740,-10.186246,0.894916,-11.970000,5.950000,1.120000
-0.808774,-10.344172,0.799203,-8.610000,5.110000,1.190000
-0.818345,-10.351351,0.734596,-4.760000,3.010000,1.820000
-0.775275,-10.272388,0.646062,-1.820000,1.540000,2.870000
-0.739382,-10.214959,0.674776,0.770000,0.910000,2.170000
-0.727418,-10.339387,0.531207,2.870000,-0.210000,-0.070000
-1.127020,-10.947165,0.614955,12.740000,-3.010000,-10.220000
-1.060020,-10.638489,0.449851,20.160000,-3.500000,1.750000
-0.464208,-9.482756,0.382852,16.379999,-2.520000,16.379999
-0.646062,-9.267403,0.165105,7.490000,-0.420000,9.030000
-1.122234,-9.633504,0.392423,-2.730000,-2.520000,3.780000
-1.375873,-10.102496,0.394816,-5.670000,-11.130000,7.070000
-1.313660,-10.191031,0.559920,0.840000,-17.150000,10.430000
-1.002593,-10.104890,0.586242,6.160000,-19.740000,12.880000
-0.466600,-9.671788,0.665205,6.090000,-16.660000,12.390000
-0.234497,-9.399008,0.703490,1.400000,-7.000000,8.960000
-0.346959,-9.324830,0.691526,-4.550000,1.890000,4.410000
-0.607777,-9.432507,0.806381,-7.910000,5.250000,0.980000
-0.835095,-9.609575,0.756132,-7.630000,4.970000,0.280000
-1.016950,-9.846465,0.744168,-3.990000,2.520000,-0.560000
-0.923629,-9.671788,0.528814,1.610000,-1.470000,-3.920000
-0.610170,-9.640682,0.655633,2.450000,1.470000,-6.370000
-0.870987,-10.289137,0.921237,6.790000,4.760000,-3.080000
-0.514457,-10.100104,0.684347,19.180000,1.750000,2.520000
-0.399601,-9.877571,0.851845,28.700001,9.940000,5.600000
-0.413958,-9.470792,0.772882,25.900000,14.350000,12.390000
-0.732204,-9.025726,0.562313,18.760000,14.350000,16.379999
-1.112662,-9.176475,0.413958,9.170000,9.800000,9.450000
-0.961915,-9.523434,0.777667,-0.420000,2.100000,5.670000
-0.746561,-9.595219,1.067199,-3.570000,-1.540000,7.140000
-0.890130,-9.399008,0.952343,-3.570000,-1.610000,11.620000
-1.323231,-9.430114,0.923629,-3.290000,-6.090000,11.550000
-0.789631,-9.846465,0.983450,-2.800000,-13.300000,9.730000
-0.387637,-9.796216,1.184447,-0.210000,-8.330000,13.020000
-0.734596,-9.576077,0.911665,2.870000,2.940000,14.980000
-0.969093,-9.253045,0.787239,4.130000,4.200000,15.470000
-0.753739,-9.190832,0.648455,2.310000,0.910000,10.570000
-0.641276,-9.269794,0.839881,2.310000,0.630000,6.300000
-0.720240,-9.477970,0.734596,-2.450000,2.240000,0.980000
-0.823131,-9.662218,0.861416,-2.030000,3.640000,-1.890000
-0.954736,-10.078569,1.239482,1.050000,3.150000,1.050000
-1.198804,-10.425529,1.538585,5.040000,5.040000,8.330000
-0.997807,-10.437491,1.241875,9.520000,5.250000,15.470000
-0.993021,-9.798609,1.124627,11.060000,6.930000,24.430000
-1.208375,-9.190832,0.646062,5.320000,3.570000,19.950001
-1.105484,-9.324830,0.662812,-1.540000,1.120000,10.780000
-1.174876,-9.482756,0.854238,-4.060000,-0.770000,6.090000
-1.179662,-9.734003,0.940379,-1.540000,-1.540000,4.130000
-1.110270,-9.798609,1.186840,4.550000,-1.120000,3.710000
-1.555335,-10.128819,1.586441,6.860000,-1.540000,4.480000
-0.947558,-9.516255,1.191626,14.910000,5.880000,9.520000
-0.715454,-9.430114,0.669990,11.130000,8.960000,3.430000
-0.861416,-10.035499,1.210768,5.040000,13.930000,0.560000
-1.753939,-9.987641,1.016950,9.240000,20.719999,7.070000
-1.730011,-9.934999,0.839881,14.000000,14.000000,11.970000
-1.691726,-9.796216,0.717847,16.309999,7.420000,14.420000
-1.600798,-9.480364,0.770489,10.220000,-1.750000,5.110000
-1.600798,-9.480364,0.770489,10.220000,-1.750000,5.110000
-1.596013,-9.602397,0.748954,5.180000,-6.020000,-0.910000
-1.177269,-9.571291,0.942772,1.120000,-8.330000,-6.650000
-1.220340,-9.535398,1.026521,-2.590000,-7.140000,-12.810000
-1.146162,-9.714860,1.012164,-5.810000,-6.440000,-16.940001
-1.036092,-9.777073,1.060020,-9.800000,-6.440000,-19.320000
-0.856631,-9.805787,1.143769,-9.660000,-3.570000,-16.240000
-1.521835,-9.544970,0.937986,-9.940000,-3.640000,-20.860001
-1.234696,-10.061819,1.179662,-6.720000,-10.220000,-18.760000
-0.416351,-9.877571,0.686740,-7.420000,-5.670000,-12.950000
-0.957129,-9.791430,1.136591,-8.750000,-1.610000,-27.860001
-0.957129,-9.791430,1.136591,-10.990000,-1.750000,-20.860001
-0.835095,-9.968499,1.368695,-9.100000,-2.030000,-17.080000
-0.904487,-10.025927,1.115055,-7.070000,-2.030000,-12.320000
-0.902094,-9.810574,1.122234,-5.740000,0.630000,-9.450000
-0.890130,-9.640682,1.040878,-6.440000,-0.140000,-5.950000
-0.988236,-9.765109,0.823131,-8.400000,-0.210000,-6.020000
-1.076770,-9.908678,0.696311,-10.780000,1.540000,-4.200000
-1.110270,-9.908678,0.646062,-10.290000,0.560000,-0.140000
-0.957129,-9.853643,0.830309,-9.590000,-2.520000,3.920000
-0.744168,-10.260423,1.007378,-3.780000,-2.940000,-1.890000
-0.882952,-10.109675,0.930808,3.920000,0.980000,-1.890000
-1.031307,-9.748360,0.701097,9.800000,1.190000,-1.750000
-1.162912,-9.678967,0.595813,12.180000,-2.310000,-6.370000
-1.043271,-9.576077,0.638884,8.960000,-4.480000,-5.320000
-0.763310,-9.370294,0.725025,2.730000,-4.130000,-5.320000
-0.425922,-8.889337,1.019342,-5.530000,-0.140000,2.590000
-0.641276,-9.004191,0.591027,-19.879999,5.670000,-2.940000
-0.952343,-9.576077,1.036092,-33.110001,6.300000,-6.650000
-0.961915,-9.980463,1.165305,-35.980000,3.010000,-1.750000
-0.796810,-10.152746,1.225125,-21.910000,-0.980000,-1.750000
-0.765703,-10.415956,1.354338,-7.700000,-0.350000,-4.060000
-0.684347,-10.478169,1.100698,2.940000,1.610000,-1.960000
-0.689133,-10.253245,0.961915,8.610000,3.850000,-0.140000
-0.751346,-10.009177,0.801596,10.430000,3.780000,-1.330000
-0.806381,-9.894321,0.732204,10.010000,3.500000,-1.470000
-0.815953,-9.772287,0.559920,6.790000,3.430000,0.210000
-0.808774,-9.686146,0.595813,2.450000,3.570000,0.070000
-0.904487,-9.693325,0.574277,-0.840000,3.710000,-1.050000
-1.038485,-9.779467,0.634098,-1.820000,2.870000,-1.050000
-0.981057,-9.762716,0.586242,-0.210000,-0.280000,1.470000
-0.904487,-9.767502,0.595813,0.210000,-0.910000,1.330000
-0.863809,-9.817751,0.619741,0.140000,-1.050000,1.050000
-0.710668,-9.812965,0.744168,0.770000,-1.050000,1.680000
-0.693919,-9.755538,0.660419,2.240000,0.210000,1.400000
-0.832702,-9.726824,0.710668,2.800000,2.100000,-0.070000
-0.952343,-9.786645,0.586242,0.770000,3.640000,-0.070000
-0.966700,-9.748360,0.557528,-2.520000,2.240000,1.050000
-0.926022,-9.832108,0.631705,-5.040000,-0.280000,0.910000
-0.751346,-9.872787,0.796810,-5.950000,0.210000,3.290000
-0.741775,-9.537791,0.696311,-5.180000,4.550000,6.370000
-0.906880,-9.485149,0.686740,-3.640000,4.270000,0.070000
-1.127020,-9.571291,0.636491,-2.520000,0.420000,-3.710000
-1.014557,-9.535398,0.610170,-2.100000,-2.030000,-1.260000
-0.813560,-9.454042,0.701097,-2.100000,-3.150000,-0.280000
-0.725025,-9.501899,0.760918,-2.240000,-0.770000,-0.910000
-0.815953,-9.559326,0.641276,-2.870000,1.050000,-1.260000
-0.861416,-9.638289,0.624527,-4.340000,1.680000,-1.540000
-0.957129,-9.676575,0.562313,-5.320000,1.050000,-1.400000
-0.952343,-9.674182,0.552742,-5.880000,-1.610000,-1.260000
-0.844666,-9.693325,0.571885,-5.740000,-4.130000,-2.310000
-0.796810,-9.652647,0.646062,-6.160000,-4.200000,-4.410000
-0.744168,-9.858429,0.650848,-7.350000,-2.240000,-3.850000
-0.758525,-10.009177,0.789631,-6.720000,-1.120000,-0.630000
-0.736989,-10.092925,0.751346,-3.990000,0.700000,0.910000
-0.902094,-10.303494,0.461815,1.190000,3.290000,0.910000
-1.150948,-10.138390,0.406780,6.790000,0.910000,-1.050000
-0.780060,-9.820145,0.504886,9.450000,-5.320000,1.330000
-0.643669,-9.552148,0.576670,6.440000,-3.640000,1.190000
-0.823131,-9.659825,0.557528,0.140000,1.680000,-2.170000
-0.679562,-9.583255,0.935594,-7.070000,5.390000,1.960000
-0.468993,-9.370294,0.916451,-14.700000,10.290000,7.350000
-0.720240,-9.480364,0.952343,-19.809999,14.070000,2.870000
-1.478764,-10.126426,0.760918,-21.980000,10.360000,-1.260000
-1.208375,-10.731809,0.933201,-14.910000,-2.590000,0.070000
-0.768096,-10.667203,1.014557,-1.890000,-5.950000,4.200000
