-2.780460,-10.715059,0.413958,-1.820000,0.770000,10.430000
-2.663212,-10.805987,0.454636,-4.480000,-0.350000,11.480000
-2.445465,-10.853845,0.526421,-6.720000,-0.280000,12.950000
-2.407180,-10.892128,0.569492,-8.260000,1.190000,15.540000
-2.376073,-10.858629,0.574277,-8.330000,1.960000,17.850000
-2.364109,-10.736595,0.567099,-7.560000,2.730000,19.809999
-2.323431,-10.566705,0.624527,-5.670000,4.270000,21.139999
-2.404787,-10.317852,0.425922,-5.460000,6.020000,22.400000
-2.574677,-9.951750,0.368495,-6.720000,7.630000,23.660000
-2.809174,-9.722038,0.337388,-8.540000,7.840000,24.430000
-2.828316,-9.418150,0.370888,-10.920000,7.490000,24.010000
-2.938386,-9.343972,0.212961,-13.300000,6.510000,23.799999
-2.818745,-9.245867,0.117248,-15.120000,4.970000,24.500000
-2.591427,-9.372685,0.088534,-13.090000,5.460000,26.040001
-2.591427,-9.372685,0.179462,-6.510000,6.930000,27.370001
-2.622534,-8.829515,0.021535,1.750000,9.310000,28.350000
-2.608176,-8.271988,-0.169890,11.620000,10.780000,30.309999
-2.656033,-7.917850,-0.256032,13.440001,11.130000,30.799999
-2.459821,-7.750352,-0.184247,12.600000,10.710000,33.529999
-2.091327,-7.422535,-0.153141,11.620000,10.500000,37.099998
-1.591227,-6.972685,-0.021535,11.830000,12.250000,40.040001
-0.813560,-5.960521,0.220140,10.780000,13.650000,44.099998
0.423530,-3.352344,1.115055,6.650000,16.940001,51.450001
1.806581,1.402194,1.875973,-1.680000,23.730000,54.950001
2.806781,6.022735,1.203590,-22.960001,35.910000,53.130001
2.909672,11.588440,-1.706082,-61.180000,42.349998,56.279999
3.302095,16.658833,-3.658626,-82.110001,40.180000,69.090004
3.625126,20.898911,-3.598805,-78.889999,44.590000,82.250000
2.854637,26.390440,-2.419144,-83.370003,46.480000,53.270000
0.502493,31.786257,-0.813560,-93.870003,18.410000,12.670000
-2.244468,35.983265,-1.064806,-110.040001,-25.620001,-35.630001
-4.352544,37.323246,-1.636691,-151.550003,-55.790001,-114.029999
-1.349552,26.392836,-1.131805,-208.039993,-66.639999,-183.259995
6.501299,12.770494,1.576870,-197.610001,-53.900002,-211.259995
12.138789,-2.141576,2.340181,-93.940002,-20.299999,-245.490005
16.682758,-17.321644,3.278167,59.430000,-2.170000,-270.829987
17.950956,-27.115465,5.402994,240.800003,24.850000,-270.130005
14.512468,-33.308090,5.017749,355.950012,50.330002,-260.190002
7.104291,-33.245876,3.340380,325.079987,47.250000,-262.920013
1.179662,-35.904305,2.543570,227.290009,18.620001,-225.960007
-0.667598,-42.285965,2.557927,96.599998,-13.790000,-171.919998
1.203590,-40.297527,-0.622134,-14.210000,-10.220000,-109.830002
0.023928,-37.794632,-6.161518,-3.990000,21.210001,-94.989998
-5.869594,-30.838699,-4.675575,-9.380000,42.420002,-88.269997
-8.781659,-32.343781,-3.034099,6.020000,16.379999,-76.790001
-7.580462,-32.492138,0.382852,18.969999,-33.250000,-62.930000
-4.218546,-30.118458,1.036092,72.519997,-51.520000,-43.330002
-2.364109,-26.522047,1.184447,128.800003,-44.380001,-29.820000
-1.519442,-21.420547,-0.093320,160.229996,-30.380001,-12.320000
-1.055235,-16.139589,1.021735,132.089996,-48.580002,-17.850000
-0.043071,-11.310873,0.844666,75.949997,-43.259998,-12.530000
0.564706,-8.023134,0.981057,-7.700000,-24.920000,-5.670000
0.210568,-7.499106,0.863809,-105.910004,6.230000,-9.240000
-0.686740,-10.274779,1.060020,-171.779999,25.480000,-10.780000
-0.880559,-13.351951,0.935594,-154.910004,23.450001,-9.940000
0.011964,-14.641682,1.000200,-72.449997,5.180000,-19.809999
1.177269,-14.122439,0.801596,19.879999,-2.660000,-32.130001
1.500300,-12.222539,0.150748,78.470001,-2.380000,-34.230000
1.251446,-10.387242,-0.191426,90.510002,-3.920000,-27.930000
1.160519,-9.367901,0.224925,72.800003,-7.490000,-20.790001
1.404587,-8.563912,0.887737,48.020000,-10.640000,-18.200001
1.548156,-8.415558,1.313660,27.160000,-9.660000,-17.360001
1.476372,-8.664411,1.545763,10.150000,-4.200000,-14.210000
1.184447,-9.482756,1.636691,4.130000,2.450000,-10.010000
1.033699,-10.514063,1.720440,11.060000,8.120000,-4.970000
1.074377,-11.353944,0.878166,32.480000,9.240000,-3.640000
1.182054,-10.947165,0.299103,70.209999,3.990000,-1.330000
1.191626,-9.664611,0.064606,85.190002,3.990000,1.960000
1.129412,-8.434700,0.090927,84.489998,-2.450000,3.640000
1.055235,-7.690532,0.186640,62.720001,-4.480000,4.760000
1.172483,-7.764710,0.600598,29.049999,-5.180000,7.140000
1.229911,-8.379664,1.002593,-2.520000,-3.500000,9.520000
1.208375,-9.537791,1.100698,-19.250000,0.210000,9.870000
1.220340,-10.846665,1.167697,-14.560000,4.270000,11.620000
1.244268,-10.920842,1.048056,7.210000,5.950000,12.390000
1.172483,-10.655239,0.921237,34.650002,5.600000,9.030000
1.091127,-10.143176,0.672383,49.349998,3.150000,7.000000
1.024128,-9.688539,0.593420,48.650002,-0.420000,7.490000
1.098306,-9.530612,0.763310,38.849998,-3.080000,7.910000
1.189233,-9.501899,0.725025,16.170000,-5.740000,6.020000
1.390230,-9.791430,0.918844,0.700000,-5.460000,5.740000
1.418944,-10.298709,1.103091,-9.450000,-3.360000,6.440000
1.282553,-10.693524,1.368695,-10.360000,-1.190000,7.210000
0.959522,-10.863414,1.351945,-2.100000,-0.980000,5.950000
0.701097,-11.073983,1.603191,9.030000,-3.220000,5.320000
0.660419,-11.136196,1.674976,20.580000,-6.230000,6.020000
0.808774,-10.679168,1.725225,29.960001,-8.050000,4.130000
0.859023,-10.348958,1.808974,34.369999,-8.400000,2.170000
0.921237,-9.757930,1.904687,31.710001,-8.120000,1.540000
0.995414,-9.176475,1.895115,22.049999,-6.790000,-0.070000
0.835095,-8.853443,2.215754,-2.520000,-2.450000,-1.820000
0.710668,-9.169296,2.244468,-11.060000,-1.190000,-1.610000
0.696311,-9.635897,2.179861,-28.559999,1.190000,-1.400000
0.674776,-9.958927,2.053042,-29.680000,2.240000,-1.960000
0.626920,-10.250853,1.885544,-22.960001,2.590000,-2.310000
0.545564,-10.305886,1.875973,-11.480000,2.730000,-2.030000
0.524028,-10.057034,1.885544,2.450000,1.890000,-2.450000
0.579063,-9.741181,1.780260,13.440001,0.490000,-3.150000
0.598206,-9.463614,1.887937,17.570000,-1.120000,-2.590000
0.634098,-9.133404,1.966900,15.750000,-1.960000,-1.820000
0.729811,-9.152546,2.017149,10.220000,-1.260000,-1.540000
0.583849,-9.303294,2.091327,2.940000,-1.260000,0.420000
0.473779,-9.387043,2.096112,-0.980000,0.980000,2.170000
0.495314,-9.518648,2.014757,-1.680000,1.540000,2.170000
0.873380,-9.992428,1.624727,0.070000,-1.960000,3.010000
0.684347,-9.765109,2.050649,5.250000,1.890000,5.110000
0.346959,-9.588040,1.873580,11.620000,2.800000,1.820000
0.703490,-9.647861,1.665405,10.150000,1.680000,0.140000
0.830309,-9.468399,1.708475,8.470000,0.840000,2.730000
0.636491,-9.265009,1.698904,5.740000,-1.400000,0.490000
0.698704,-9.298509,1.842474,3.500000,-0.420000,-0.770000
0.923629,-9.554541,1.875973,0.630000,-0.700000,0.910000
1.100698,-9.817751,1.856830,-0.840000,1.750000,1.610000
0.997807,-10.078569,1.871187,2.030000,2.800000,1.540000
1.050449,-10.155140,1.887937,8.540000,3.710000,-0.630000
0.973879,-10.396815,1.780260,14.280000,2.730000,-2.660000
1.093520,-10.078569,1.988436,20.440001,0.560000,-4.410000
0.911665,-9.930215,2.076970,25.480000,0.840000,-8.260000
0.859023,-9.461221,1.957329,23.309999,1.680000,-7.770000
0.765703,-9.475577,1.923829,16.309999,1.890000,-8.190000
0.131605,-9.140583,1.962115,3.780000,2.030000,-8.120000
-0.267996,-8.963513,1.739582,-9.590000,-2.310000,-7.350000
0.411566,-9.291330,1.890330,-24.360001,-7.070000,-7.420000
0.976272,-9.681360,1.787439,-33.740002,-3.990000,-4.830000
1.299303,-10.303494,1.605584,-34.439999,5.670000,0.840000
0.969093,-10.437491,1.684547,-27.580000,9.870000,-0.070000
0.066999,-9.958927,1.615155,-18.900000,4.900000,-0.140000
0.105284,-9.150154,1.909473,-22.049999,-10.430000,5.670000
0.763310,-9.056834,2.153540,-34.160000,-18.410000,7.070000
0.770489,-9.281759,2.108077,-38.150002,-13.160000,-4.130000
0.399601,-9.882358,1.674976,-24.639999,0.070000,-8.400000
-3.172883,-7.999206,2.426322,-13.650000,1.750000,-6.650000
0.258425,-10.358529,1.091127,-5.110000,1.680000,-14.560000
0.291924,-10.490135,1.727618,2.380000,1.120000,-12.950000
1.304088,-10.279566,1.734797,10.920000,7.210000,-4.900000
1.127020,-9.923036,1.603191,16.799999,11.410000,-1.820000
0.780060,-9.769895,1.337588,12.530000,3.290000,1.400000
1.385444,-10.092925,1.505085,7.140000,-3.920000,2.450000
1.428515,-10.576276,2.053042,6.440000,-6.440000,-1.960000
0.655633,-10.401600,1.897508,7.770000,-11.480000,4.060000
1.490728,-9.554541,1.988436,3.360000,-3.360000,11.970000
2.529213,-10.045070,2.498107,3.360000,-3.360000,11.970000
4.319045,-12.095718,1.112662,6.440000,34.020000,5.320000
1.526621,-10.683953,1.911865,19.670000,43.119999,5.460000
-2.897708,-8.987441,2.847459,36.750000,33.459999,14.840000
-1.057628,-8.260024,2.237289,18.830000,-8.750000,-1.890000
0.916451,-9.219545,1.629512,9.730000,-24.150000,-4.690000
1.567299,-9.655040,2.158326,-0.980000,-6.160000,-2.520000
0.906880,-9.710074,1.445265,1.540000,17.710001,5.460000
0.136391,-9.509077,1.509871,5.110000,13.300000,3.990000
0.308674,-9.281759,1.404587,7.490000,2.030000,-1.260000
0.794417,-9.064013,1.797010,-1.540000,-2.870000,-2.380000
0.947558,-9.040084,1.641476,-4.270000,0.560000,-0.840000
0.669990,-9.193225,1.524228,-8.890000,3.640000,0.490000
0.555135,-9.568897,1.579263,-8.050000,1.400000,-0.700000
0.648455,-9.750752,1.799403,-1.890000,-2.590000,-2.380000
0.741775,-9.803394,1.811367,4.900000,-0.280000,-1.610000
0.607777,-9.633504,1.739582,12.530000,0.840000,-1.470000
0.476172,-9.686146,1.734797,17.360001,-1.610000,-2.100000
0.552742,-9.394222,1.758725,18.480000,-5.320000,-2.450000
0.801596,-9.238688,1.823331,16.799999,-5.740000,-2.870000
0.985843,-9.176475,1.966900,10.430000,-3.500000,-2.380000
0.985843,-9.176475,1.966900,2.240000,-1.190000,-1.750000
0.914058,-9.288938,2.122434,-5.460000,-0.210000,-1.330000
0.803988,-9.597611,2.189433,-10.290000,-0.280000,-0.630000
0.859023,-9.958927,2.172683,-8.330000,0.420000,-0.700000
0.870987,-10.090532,2.136791,-6.720000,0.770000,-0.770000
0.859023,-10.052249,2.060220,-0.420000,0.280000,-1.190000
0.930808,-9.992428,2.120041,4.410000,-0.140000,-1.400000
0.937986,-9.908678,2.155933,9.100000,-0.420000,-0.910000
0.906880,-9.719646,2.177469,12.180000,-0.210000,-0.630000
0.887737,-9.580862,2.132005,11.970000,-0.070000,-0.770000
0.851845,-9.410972,2.136791,8.540000,-0.070000,-1.050000
0.758525,-9.353544,2.069792,4.130000,0.700000,-1.470000
0.705883,-9.420543,2.062613,-0.560000,1.050000,-1.610000
0.722632,-9.568897,1.995614,-4.340000,1.120000,-1.680000
0.756132,-9.913465,2.000400,-5.880000,0.630000,-1.960000
0.758525,-10.085747,2.079363,-4.480000,0.350000,-2.030000
0.703490,-10.176675,2.007578,0.280000,0.350000,-1.680000
0.732204,-10.073784,1.983650,5.600000,-0.980000,-0.980000
0.756132,-9.949356,1.988436,11.060000,-1.540000,-0.980000
0.772882,-9.817751,2.019542,11.200000,-0.770000,-0.700000
0.820738,-9.693325,2.120041,8.890000,0.910000,-0.980000
0.784846,-9.403792,2.096112,4.410000,2.590000,-1.540000
0.794417,-9.432507,2.098505,-1.680000,3.500000,-1.050000
0.811167,-9.623933,2.239682,-6.650000,3.920000,-0.140000
0.856631,-9.750752,2.225325,-7.980000,3.990000,0.140000
0.751346,-9.793823,2.143969,-5.040000,3.570000,-0.070000
0.681954,-9.899107,1.995614,-1.120000,2.170000,0.630000
0.715454,-9.879964,2.005185,3.150000,0.980000,1.330000
0.758525,-9.755538,2.031506,7.070000,0.490000,1.400000
0.425922,-10.420743,1.574477,14.420000,5.320000,2.100000
0.461815,-9.494720,1.438086,18.620001,1.260000,-5.040000
0.957129,-9.425328,1.507478,30.520000,-6.230000,-7.490000
1.138984,-8.791230,1.902294,16.170000,-10.990000,-5.320000
1.665405,-8.719445,1.947758,3.500000,-6.510000,-1.400000
1.761117,-8.853443,2.199004,-11.900000,-0.910000,-0.210000
1.215554,-9.109475,2.258825,-23.100000,5.040000,1.890000
0.397209,-9.884750,2.313859,-27.580000,2.520000,1.050000
1.155733,-10.289137,2.225325,-14.980000,-0.350000,-1.610000
1.217947,-10.217353,2.043471,7.420000,-0.350000,-5.810000
