0.976272,-10.100104,1.316052,6.160000,21.910000,8.050000
0.509671,-9.717253,0.940379,-0.840000,15.470000,8.610000
0.488136,-9.937392,0.686740,-5.390000,5.460000,-1.610000
0.835095,-10.195816,0.729811,-3.290000,-0.630000,-3.780000
1.083949,-10.052249,0.911665,0.840000,-0.140000,0.070000
1.091127,-9.963714,0.942772,2.940000,3.710000,1.400000
1.019342,-9.786645,0.909273,2.870000,4.760000,2.450000
0.940379,-9.796216,0.725025,2.660000,5.600000,1.820000
0.823131,-9.734003,0.662812,3.080000,6.230000,2.660000
0.713061,-9.631111,0.662812,3.080000,5.180000,3.290000
0.763310,-9.602397,0.646062,2.800000,2.870000,1.400000
0.892523,-9.595219,0.672383,3.150000,1.050000,-0.420000
0.887737,-9.600004,0.729811,2.450000,1.260000,0.280000
0.890130,-9.592826,0.748954,0.840000,1.120000,0.700000
0.875773,-9.578469,0.758525,-0.770000,0.700000,-0.280000
0.902094,-9.710074,0.794417,-0.910000,-0.280000,-1.260000
0.964308,-9.769895,0.801596,0.210000,0.140000,-1.260000
0.952343,-9.789038,0.748954,1.750000,0.980000,-0.350000
0.940379,-9.798609,0.815953,2.870000,1.120000,-0.280000
0.918844,-9.772287,0.861416,2.310000,0.070000,-0.420000
0.981057,-9.774680,0.914058,0.210000,-0.490000,-0.350000
0.995414,-9.808180,0.978664,-0.700000,0.140000,0.140000
0.983450,-9.793823,0.926022,-0.350000,0.840000,0.770000
0.904487,-9.705289,0.957129,0.910000,0.770000,0.560000
0.839881,-9.633504,0.926022,2.310000,1.330000,-0.280000
0.811167,-9.554541,0.923629,2.030000,1.260000,0.210000
0.768096,-9.537791,0.937986,1.960000,0.910000,-0.280000
0.835095,-9.564112,0.921237,1.960000,0.490000,-1.050000
0.844666,-9.533006,0.909273,1.400000,0.490000,-1.190000
0.813560,-9.571291,0.947558,0.910000,0.280000,-1.470000
0.863809,-9.578469,0.897308,-0.070000,0.280000,-1.750000
0.832702,-9.688539,0.940379,-1.120000,-0.070000,-1.820000
0.775275,-9.734003,0.832702,-2.100000,-0.070000,-1.260000
0.806381,-9.762716,0.847059,-1.330000,-1.190000,-1.820000
0.935594,-9.784252,0.890130,0.350000,-2.730000,-4.060000
1.050449,-9.832108,0.937986,0.350000,-2.730000,-4.200000
1.117448,-9.934999,0.861416,-1.330000,-1.400000,-3.360000
1.055235,-10.035499,0.725025,-2.800000,1.330000,-0.770000
0.902094,-10.080962,0.672383,-1.820000,0.770000,-0.070000
0.803988,-10.088140,0.538385,0.980000,-0.910000,-1.050000
0.732204,-10.085747,0.569492,3.360000,-2.590000,-1.470000
0.823131,-9.930215,0.598206,5.600000,-4.200000,-1.960000
0.952343,-9.832108,0.679562,6.230000,-3.920000,-2.170000
0.902094,-9.748360,0.567099,3.010000,-2.870000,-0.840000
0.851845,-9.858429,0.476172,-1.680000,-3.080000,0.070000
0.851845,-9.858429,0.476172,-3.710000,-4.900000,-0.210000
0.894916,-9.946963,0.449851,-3.430000,-5.950000,-0.700000
0.914058,-10.057034,0.440279,-1.960000,-6.370000,0.210000
0.957129,-10.057034,0.507278,0.140000,-6.790000,0.910000
0.983450,-10.049855,0.559920,4.480000,-7.000000,-0.210000
0.904487,-10.030712,0.591027,6.580000,-6.230000,0.070000
0.897308,-9.923036,0.526421,5.950000,-5.530000,1.470000
0.885344,-9.848858,0.471386,4.480000,-5.950000,2.030000
0.890130,-9.875179,0.528814,3.080000,-7.490000,1.400000
0.842274,-9.868000,0.461815,1.610000,-9.590000,0.350000
0.844666,-9.901501,0.476172,-0.140000,-10.430000,0.840000
0.830309,-9.865608,0.373280,-2.100000,-11.200000,2.170000
0.815953,-9.868000,0.425922,-3.150000,-13.230000,1.820000
0.916451,-9.970891,0.440279,-2.940000,-14.980000,1.330000
0.966700,-10.018748,0.492921,-1.610000,-14.350000,2.310000
0.930808,-10.025927,0.495314,1.610000,-12.670000,3.640000
0.887737,-9.997212,0.442672,5.390000,-12.530000,4.060000
0.868595,-9.896714,0.492921,6.300000,-13.790000,4.200000
0.890130,-9.803394,0.557528,5.950000,-14.630000,3.710000
0.923629,-9.710074,0.452243,5.180000,-14.910000,3.850000
0.880559,-9.631111,0.423530,4.760000,-14.280000,3.920000
0.849452,-9.647861,0.483350,4.760000,-14.280000,4.270000
0.751346,-9.568897,0.375673,3.920000,-15.120000,4.340000
0.703490,-9.525827,0.334995,1.540000,-17.360001,3.220000
0.660419,-9.530612,0.311067,-0.140000,-20.719999,1.540000
0.760918,-9.580862,0.315853,-0.140000,-22.960001,1.540000
0.868595,-9.619147,0.342174,0.420000,-23.309999,0.210000
0.921237,-9.652647,0.413958,0.140000,-23.379999,1.190000
1.028914,-9.561719,0.626920,1.050000,-22.820000,1.050000
0.820738,-9.494720,0.562313,1.050000,-21.210001,1.610000
0.684347,-9.554541,0.473779,-4.200000,-21.280001,2.170000
0.626920,-9.542577,0.483350,-7.210000,-24.920000,1.400000
0.777667,-9.523434,0.634098,-7.210000,-29.889999,-1.330000
1.052842,-9.418150,0.751346,-4.060000,-32.130001,-3.640000
1.249053,-9.322437,1.265803,-2.380000,-30.450001,-5.180000
1.383051,-9.238688,1.371087,-4.620000,-27.020000,-5.670000
1.363909,-9.272188,1.354338,-10.150000,-23.309999,-5.740000
1.036092,-9.406186,1.016950,-17.219999,-19.460001,-5.390000
0.562313,-9.564112,0.684347,-22.260000,-19.110001,-3.990000
0.203390,-9.808180,0.610170,-25.760000,-30.309999,-5.250000
0.177069,-9.958927,0.550349,-25.690001,-36.400002,-7.420000
0.480957,-10.155140,1.052842,-22.190001,-48.509998,-12.880000
1.107877,-10.042676,1.426122,-9.030000,-56.420002,-18.900000
1.677369,-9.884750,1.540978,-1.680000,-49.000000,-17.920000
1.682154,-9.937392,1.954936,-2.940000,-39.060001,-9.800000
1.550549,-9.633504,1.931008,-5.600000,-33.110001,-5.180000
1.289732,-9.616754,2.000400,-6.860000,-31.150000,-5.810000
1.064806,-9.712467,2.160719,-5.670000,-33.250000,-6.160000
1.136591,-9.781858,2.593820,-2.450000,-35.770000,-6.790000
1.454836,-9.695717,3.570091,3.570000,-36.049999,-7.980000
1.454836,-9.695717,3.570091,7.280000,-31.920000,-9.310000
1.287339,-9.944571,4.386044,8.680000,-28.000000,-7.700000
0.961915,-10.171888,5.802595,11.690000,-28.139999,-3.570000
0.897308,-10.183852,10.813165,18.340000,-32.060001,-4.060000
3.026921,-9.860823,13.952549,23.309999,-38.920002,-10.290000
4.517649,-10.284351,17.486748,25.480000,-29.469999,-27.020000
5.247460,-10.313066,20.487347,23.520000,0.980000,-21.559999
5.438886,-9.937392,23.272594,15.890000,36.189999,-10.430000
5.410172,-10.033106,26.115267,-0.980000,65.519997,-8.120000
5.984450,-10.049855,28.319054,-23.660000,89.809998,-11.060000
7.077969,-10.047462,28.689943,-47.599998,116.830002,-18.059999
8.248059,-9.982857,27.512674,-76.090004,151.830002,-18.620001
9.090333,-9.530612,25.081566,-113.889999,193.690002,-7.630000
10.162319,-9.042477,21.171696,-157.009995,230.649994,1.820000
11.875579,-9.030513,14.569898,-200.619995,254.029999,-2.170000
14.897714,-9.121440,5.446064,-240.309998,266.209991,-5.530000
17.580067,-10.195816,-7.403394,-271.739990,286.860016,-8.610000
17.355143,-10.631311,-23.124237,-234.149994,339.149994,34.439999
13.682159,-9.272188,-38.742191,-88.269997,444.429993,89.809998
7.334002,-5.527420,-50.175098,153.789993,470.330017,130.690002
-0.093320,0.832702,-57.911095,353.220001,406.910004,126.910004
-5.292924,6.556334,-56.635715,402.290009,231.559998,59.920002
-5.601598,8.595018,-49.651070,290.920013,-7.980000,-52.639999
-0.425922,6.329016,-39.723248,84.000000,-229.740005,-141.889999
8.355737,1.213161,-28.984261,-107.520004,-347.200012,-173.740005
14.749359,-5.481956,-19.269400,-192.220001,-333.339996,-156.660004
16.053448,-12.090932,-11.763116,-159.250000,-236.669998,-92.889999
12.677175,-16.443478,-7.448857,-57.470001,-130.899994,-16.170000
7.829315,-16.855042,-5.005785,68.879997,-86.029999,28.910000
2.840281,-10.956735,-0.289532,206.570007,-117.040001,18.059999
2.857030,-8.039884,3.093920,222.040009,-140.279999,9.240000
3.263810,-5.838487,5.922236,182.070007,-145.180008,17.570000
3.103491,-4.850252,7.147361,103.250000,-131.809998,29.889999
2.287539,-4.934000,6.977471,6.510000,-116.129997,41.020000
1.605584,-5.860023,5.759524,-81.199997,-108.709999,40.810001
0.861416,-8.204988,4.558327,-136.289993,-106.680000,25.690001
0.535992,-10.805987,4.275974,-146.300003,-107.870003,12.040000
1.112662,-12.476178,4.223332,-116.480003,-116.900002,0.840000
2.294717,-13.208381,4.252046,-69.580002,-123.690002,-14.070000
3.644269,-12.808779,4.204189,0.980000,-111.650002,-17.710001
4.264010,-11.861222,4.252046,17.990000,-99.820000,-14.350000
3.893122,-10.782058,4.089334,34.650002,-74.269997,-2.940000
3.330809,-9.951750,3.718446,27.510000,-57.680000,4.900000
2.794817,-9.698111,3.290131,0.140000,-57.750000,-1.190000
2.926422,-10.157533,3.833302,-9.590000,-63.630001,-7.140000
3.330809,-10.679168,4.639683,-13.230000,-67.340004,-9.170000
3.739982,-10.918450,5.527420,-17.150000,-65.519997,-9.380000
4.295116,-11.138590,6.058627,-22.469999,-55.299999,-8.820000
4.783253,-11.320443,6.001199,-23.309999,-38.570000,-4.550000
4.019942,-11.014162,4.692325,-18.900000,-18.410000,1.960000
4.019942,-11.014162,4.692325,-15.470000,-0.770000,6.790000
3.259024,-10.872985,3.857230,-17.010000,7.700000,8.960000
2.828316,-10.686346,3.026921,-19.320000,7.980000,8.330000
2.617748,-10.698310,2.239682,-16.379999,7.350000,6.650000
2.644069,-10.226924,1.507478,-7.070000,7.910000,7.210000
2.641676,-9.868000,1.256232,4.340000,10.850000,7.140000
2.646462,-9.568897,0.859023,2.310000,13.510000,7.700000
2.538785,-9.590433,0.547956,-5.390000,15.470000,7.840000
2.268396,-9.951750,0.095713,-14.140000,18.059999,7.350000
1.940579,-10.183852,-0.323031,-15.050000,19.320000,9.030000
1.741975,-10.150353,-0.622134,-7.770000,18.760000,8.960000
1.679761,-10.145569,-0.811167,1.750000,14.910000,5.880000
1.806581,-10.100104,-0.794417,7.420000,9.240000,2.940000
2.038685,-9.994821,-0.701097,9.100000,5.110000,2.660000
2.120041,-9.844072,-0.648455,7.840000,4.200000,4.410000
2.021935,-9.875179,-0.591027,5.180000,4.550000,5.600000
1.945365,-9.911072,-0.555135,3.990000,3.500000,6.020000
1.897508,-10.023535,-0.624527,6.790000,2.660000,4.270000
1.928615,-9.961320,-0.600598,16.170000,2.240000,5.040000
1.885544,-9.789038,-0.306281,20.230000,2.730000,5.320000
1.842474,-9.571291,-0.162712,19.600000,2.450000,5.110000
1.849652,-9.422935,0.138784,15.470000,1.890000,4.480000
1.849652,-9.475577,0.198604,7.770000,1.890000,4.270000
1.978864,-9.549755,0.236889,-0.210000,1.120000,4.200000
2.033899,-9.853643,0.086142,-6.090000,2.520000,3.640000
2.036292,-10.267602,-0.181855,-6.720000,4.060000,6.440000
1.947758,-10.456635,-0.354138,-2.520000,4.760000,9.380000
1.875973,-10.506885,-0.411566,4.970000,2.800000,9.520000
1.978864,-10.459028,-0.433101,10.360000,0.560000,8.820000
2.352145,-10.135997,-0.179462,13.720000,0.280000,11.060000
2.321038,-10.243673,-0.236889,11.970000,1.680000,13.230000
2.213361,-10.468598,-0.418744,5.460000,6.090000,16.170000
2.096112,-10.779665,-0.473779,2.380000,6.510000,18.620001
2.048256,-10.844273,-0.595813,8.750000,6.020000,18.760000
2.093720,-10.805987,-0.495314,20.719999,4.970000,18.340000
2.165504,-10.691131,-0.425922,27.930000,3.990000,18.620001
2.258825,-10.681561,-0.241675,28.139999,3.570000,19.670000
2.103291,-10.545169,-0.220140,27.790001,5.180000,23.170000
1.962115,-10.272388,-0.090927,30.380001,6.580000,27.510000
1.749153,-10.033106,-0.126820,30.940001,6.930000,29.049999
1.684547,-9.906286,-0.019143,29.400000,4.340000,28.630001
1.749153,-9.879964,0.126820,28.700001,2.450000,27.719999
1.782653,-9.722038,0.224925,32.340000,3.290000,28.840000
1.682154,-9.262616,0.401994,48.860001,9.240000,32.270000
1.397408,-8.590233,0.550349,59.010002,12.250000,33.740002
1.071985,-7.836494,0.854238,62.439999,13.580000,33.459999
0.854238,-7.034898,1.162912,66.430000,15.540000,31.430000
0.586242,-6.120840,1.380659,78.400002,22.049999,28.700001
-0.043071,-4.941179,1.756332,102.129997,32.549999,33.599998
-2.392823,0.662812,2.620141,135.660004,44.799999,42.560001
-2.392823,0.662812,2.620141,171.149994,55.230000,47.599998
-3.467200,4.587041,3.285345,202.720001,62.369999,41.230000
-4.529613,8.592626,3.924229,228.899994,73.849998,21.559999
-5.874380,14.021940,2.907279,269.640015,98.559998,2.730000
-10.296316,29.419754,-6.853044,345.940002,127.610001,-39.619999
-12.308680,33.475590,-11.985649,399.910004,134.050003,-126.000000
-11.172089,32.700314,-11.820543,266.910004,-25.690001,-279.790009
-4.579862,28.259237,-11.748759,-5.390000,-232.610001,-362.739990
8.367701,20.231316,-12.526425,-395.149994,-447.720001,-400.399994
24.380468,9.942179,-15.050854,-821.940002,-606.830017,-419.860016
41.766716,-3.357130,-23.016562,-1236.829956,-677.320007,-490.489990
52.414780,-18.927227,-38.904903,-1580.390015,-619.289978,-584.640015
50.289955,-41.326443,-60.122059,-1733.270020,-488.600006,-611.099976
37.897522,-69.370323,-58.212589,-1441.229980,-367.640015,-338.869995
32.319855,-57.731632,-45.678982,-695.030029,-127.610001,165.550003
21.236300,-49.552963,-49.466820,156.729996,322.000000,305.970001
10.296316,-35.196030,-44.114082,714.489990,362.459991,315.350006
5.280960,-18.276379,-30.824341,927.570007,195.440002,274.119995
2.720639,-8.078169,-19.491934,888.020020,72.519997,143.919998
2.622534,-0.904487,-9.339187,733.739990,10.150000,134.259995
4.022335,3.572484,-0.299103,471.869995,-23.730000,123.129997
4.692325,3.768696,5.175675,133.559998,-27.510000,106.050003
4.888536,0.418744,5.881558,-173.880005,-31.430000,122.639999
4.907679,-3.244668,3.881158,-349.160004,-19.670000,138.529999
3.622734,-8.480164,0.830309,-375.339996,1.820000,118.300003
1.818545,-14.038691,-1.909473,-279.929993,-3.360000,94.500000
1.512264,-16.996220,-3.641876,-109.340004,-31.570000,75.320000
2.790031,-16.756937,-4.388437,73.500000,-48.090000,56.980000
4.575077,-14.163116,-4.000800,211.680008,-41.369999,58.730000
6.056234,-6.343372,-2.141576,274.890015,-6.930000,78.820000
5.228317,-3.914658,-1.404587,261.869995,4.690000,82.110001
4.108476,-3.065206,-1.323231,151.410004,21.070000,83.930000
3.359523,-3.340380,-1.438086,53.130001,12.180000,80.919998
2.979064,-4.596612,-1.933401,-26.040001,-2.520000,74.760002
3.002992,-6.427122,-2.531606,-69.090004,-16.100000,67.129997
3.282953,-8.044669,-2.878566,-79.730003,-24.219999,60.340000
3.663411,-9.427721,-3.345166,-67.059998,-24.500000,54.529999
3.847659,-10.313066,-3.634698,-37.939999,-20.230000,52.500000
3.940979,-10.356135,-3.940979,1.120000,-13.160000,55.230000
3.893122,-9.932607,-3.948158,39.619999,-4.690000,56.560001
3.826123,-9.305687,-3.739982,65.870003,-0.560000,55.160000
3.663411,-8.726624,-3.603590,75.879997,3.150000,52.430000
3.239882,-8.482556,-3.464807,74.690002,9.450000,53.970001
2.629712,-8.224132,-3.357130,61.180000,12.320000,62.160000
2.117648,-8.161918,-3.093920,50.189999,6.370000,62.230000
1.890330,-8.207381,-2.845066,44.310001,-2.590000,54.250000
1.907080,-8.645268,-2.364109,45.220001,-11.060000,43.750000
2.249253,-9.071191,-1.706082,52.849998,-13.020000,38.360001
2.426322,-9.183653,-1.509871,66.010002,-5.740000,41.020000
2.041078,-9.047262,-1.261017,76.510002,2.450000,48.230000
1.643869,-8.468199,-1.052842,79.519997,5.180000,51.799999
1.406980,-8.075776,-0.758525,77.139999,1.750000,47.459999
1.481157,-7.795816,-0.468993,71.330002,-2.870000,41.020000
1.524228,-7.743174,-0.267996,63.490002,-3.010000,37.730000
1.500300,-7.702496,-0.038285,54.529999,-1.470000,40.040001
1.280160,-7.604390,0.011964,42.139999,-3.080000,43.049999
1.299303,-8.006385,0.011964,13.370000,-5.250000,40.740002
1.292124,-8.539984,-0.145962,0.840000,-5.600000,38.290001
1.148555,-9.128618,-0.330210,0.280000,-3.570000,36.330002
0.978664,-9.399008,-0.564706,9.380000,-1.890000,37.450001
0.823131,-9.293723,-0.634098,22.120001,-2.450000,38.080002
0.715454,-9.008978,-0.528814,35.770000,-3.640000,36.189999
0.753739,-8.353344,-0.378066,46.759998,-6.230000,35.700001
0.789631,-7.903493,-0.081356,48.790001,-6.370000,33.670002
0.744168,-7.623533,-0.045464,37.869999,-5.460000,31.360001
0.677169,-7.688138,0.057428,21.629999,-6.580000,29.540001
0.418744,-7.972885,-0.189033,6.440000,-7.560000,26.110001
0.284746,-8.250452,-0.189033,-1.750000,-10.010000,24.150000
0.406780,-8.451449,0.002393,-1.400000,-15.260000,20.790001
0.677169,-8.621340,0.052642,5.040000,-18.549999,12.530000
0.947558,-8.867801,0.174676,7.840000,-14.840000,12.530000
1.002593,-8.853443,0.346959,11.620000,-10.360000,13.790000
0.969093,-8.812766,0.430708,15.680000,-7.280000,13.090000
0.851845,-8.683553,0.270389,15.890000,-5.950000,12.460000
0.842274,-8.499306,0.409173,12.880000,-5.810000,10.500000
0.914058,-8.499306,0.346959,7.420000,-5.040000,7.560000
0.930808,-8.690732,0.196211,1.400000,-4.130000,7.700000
0.815953,-8.898908,0.138784,-0.980000,-2.240000,8.540000
0.780060,-9.061620,0.069392,0.070000,-1.470000,8.890000
0.873380,-9.121440,0.205783,4.130000,-2.450000,7.210000
1.021735,-9.049655,0.306281,9.800000,-1.890000,4.690000
1.086342,-8.877372,0.406780,20.440001,2.520000,3.640000
1.012164,-8.645268,0.507278,27.370001,8.610000,4.340000
0.799203,-8.207381,0.521635,34.720001,14.350000,5.040000
0.689133,-7.604390,0.622134,43.189999,16.030001,3.920000
0.808774,-6.991827,0.899701,54.459999,15.890000,-1.820000
1.067199,-6.288338,1.332802,68.180000,18.340000,-7.910000
1.107877,-5.187639,1.734797,85.820000,25.969999,-9.660000
0.993021,-3.833302,2.196611,109.129997,40.389999,-8.820000
0.442672,-1.892723,2.785245,142.800003,62.930000,-7.980000
-0.626920,0.775275,3.622734,197.399994,85.120003,-5.880000
-1.789831,5.312066,3.694518,266.910004,111.650002,-7.280000
-3.448057,12.014362,2.134398,355.950012,143.779999,-20.860001
-6.120840,21.016161,-2.478964,463.330017,177.869995,-50.540001
-10.167104,30.948767,-9.600004,550.619995,189.770004,-153.649994
-14.230117,38.311485,-16.661224,437.500000,89.180000,-246.610001
-14.754145,38.895329,-18.893728,101.989998,-132.020004,-337.190002
-6.008378,31.800611,-17.032110,-400.399994,-446.390015,-391.860016
11.923435,20.764915,-15.419350,-909.160034,-684.039978,-432.179993
30.960732,8.432307,-22.727030,-1341.130005,-736.820007,-520.380005
47.612381,-6.865008,-38.383266,-1638.000000,-683.340027,-612.080017
56.542400,-30.321848,-51.462433,-1723.680054,-567.770020,-549.919983
51.385868,-55.561344,-50.043491,-1389.709961,-262.360016,-223.229996
38.660835,-66.994247,-47.456852,-571.479980,169.330002,156.660004
25.904696,-58.549976,-52.431530,260.750000,399.630005,297.570007
7.786245,-28.737799,-35.413773,709.169983,323.049988,241.009995
5.690133,-17.828922,-22.485353,866.109985,181.649994,134.680008
5.350351,-8.681160,-11.645866,823.270020,79.800003,144.899994
5.058427,-0.540778,-3.043670,703.710022,55.439999,169.889999
3.701697,2.833102,3.318845,483.769989,53.760002,144.270004
2.136791,1.954936,5.924629,185.360001,45.570000,106.190002
1.607977,-0.272782,4.862216,-98.910004,14.280000,100.099998
1.667797,-3.570091,2.600998,-276.920013,-10.010000,95.269997
1.371087,-8.204988,0.622134,-327.250000,-16.590000,68.599998
1.311267,-12.256038,-0.921237,-280.420013,-25.549999,45.500000
2.124826,-13.988441,-1.710868,-168.559998,-38.220001,33.740002
3.201597,-13.679767,-1.916651,-26.740000,-39.970001,26.530001
4.211368,-11.514263,-1.806581,94.989998,-28.350000,31.080000
4.563113,-8.695518,-1.409373,156.449997,-10.220000,40.880001
4.223332,-6.539584,-1.172483,136.500000,6.930000,44.029999
3.792624,-5.484349,-0.796810,79.029999,2.940000,39.619999
3.675375,-5.477170,-0.631705,15.960000,-9.240000,31.990000
3.888337,-6.417551,-0.909273,-34.509998,-19.040001,25.270000
4.287938,-7.927422,-1.007378,-60.900002,-21.700001,24.500000
4.601398,-9.279366,-1.495514,-63.000000,-17.219999,27.719999
4.754539,-10.112068,-1.983650,-46.830002,-11.480000,30.940001
4.993821,-10.593026,-2.400001,-20.790001,-5.600000,31.430000
4.723432,-10.796415,-2.912065,4.270000,-5.600000,33.110001
4.704289,-10.561919,-3.409772,23.170000,1.050000,37.380001
4.342973,-9.990034,-3.565305,32.200001,0.560000,39.200001
4.345366,-9.753145,-3.469593,34.930000,-1.820000,41.650002
4.283153,-9.623933,-3.244668,35.279999,-4.410000,44.590000
4.170690,-9.415757,-3.139383,35.560001,-7.420000,45.639999
3.926622,-9.379865,-2.983850,35.560001,-7.420000,45.290001
3.838088,-9.241080,-2.687140,36.259998,-8.610000,44.799999
3.749553,-9.281759,-2.639283,38.570000,-10.290000,42.630001
3.668197,-9.272188,-2.440679,42.630001,-9.800000,41.020000
3.613162,-9.078369,-2.230111,52.150002,-8.400000,41.790001
3.443272,-8.611769,-2.081756,66.010002,-6.510000,42.630001
3.168097,-7.965706,-1.890330,74.199997,-4.340000,44.590000
2.914458,-7.271788,-1.713261,69.860001,-4.410000,44.869999
2.806781,-6.946364,-1.301696,57.680000,-7.980000,39.970001
2.816352,-6.991827,-1.277767,43.470001,-9.030000,33.459999
2.761317,-7.137790,-1.282553,30.309999,-7.560000,31.850000
2.644069,-7.274181,-1.270589,16.030001,-7.140000,34.230000
2.557927,-7.511070,-1.205983,10.570000,-10.080000,31.500000
2.533999,-7.783852,-1.208375,7.350000,-12.320000,29.049999
2.624927,-7.989635,-0.964308,8.190000,-13.510000,28.280001
2.837888,-7.975278,-0.722632,13.090000,-12.180000,27.090000
2.892922,-7.917850,-0.720240,16.590000,-7.700000,25.340000
2.682354,-7.874779,-0.662812,16.870001,-3.080000,25.760000
2.488536,-7.683353,-0.679562,17.360001,-1.190000,25.760000
2.289931,-7.329216,-0.559920,19.320000,-0.980000,23.379999
2.115255,-7.015756,-0.631705,13.860000,-2.730000,20.370001
2.127219,-6.955935,-0.581456,-3.360000,-5.320000,15.680000
2.306681,-7.152147,-0.624527,-22.260000,-8.750000,10.220000
2.421536,-8.255238,-0.966700,-35.770000,-7.700000,7.560000
2.081756,-8.729016,-1.282553,-44.310001,-1.260000,9.800000
1.986043,-9.025726,-1.524228,-41.090000,-4.410000,8.120000
2.220540,-9.262616,-1.548156,-33.599998,-11.620000,3.150000
2.615355,-9.353544,-1.636691,-25.969999,-14.140000,-0.630000
2.840281,-9.509077,-1.493121,-19.740000,-11.130000,-0.140000
2.847459,-9.564112,-1.423729,-15.960000,-6.370000,2.800000
2.660819,-9.396614,-1.557728,-13.790000,-2.730000,4.480000
2.435893,-9.267403,-1.478764,-10.710000,-2.380000,5.180000
2.340181,-9.001799,-1.761117,-10.990000,-3.360000,6.020000
2.129612,-8.898908,-1.818545,-18.059999,-5.110000,5.600000
2.112862,-9.020942,-1.911865,-26.950001,-8.330000,2.800000
2.108077,-9.207582,-2.024328,-32.410000,-11.900000,2.800000
2.280360,-9.183653,-2.079363,-29.190001,-15.750000,-2.730000
2.663212,-9.123833,-2.242075,-26.809999,-17.639999,-5.460000
2.744568,-9.068797,-2.581856,-29.680000,-14.280000,-7.560000
2.579463,-9.312866,-3.091527,-33.389999,-8.260000,-5.390000
2.045863,-9.444471,-3.775874,-27.860001,-6.650000,-2.380000
1.272982,-9.379865,-4.216154,-12.880000,-12.530000,-6.090000
0.854238,-9.159724,-4.524827,4.550000,-25.200001,-14.280000
1.024128,-8.963513,-4.019942,20.020000,-44.029999,-24.010000
1.892723,-8.659625,-2.988636,28.350000,-60.270000,-37.660000
2.813959,-9.035298,-1.837688,29.960001,-65.379997,-46.130001
4.120440,-9.312866,0.586242,34.650002,-63.279999,-43.750000
4.120440,-9.312866,0.586242,47.670002,-57.189999,-41.580002
4.247260,-10.021141,3.684947,53.619999,-54.250000,-42.840000
4.620540,-11.138590,6.058627,37.310001,-58.380001,-51.660000
5.230711,-12.571891,9.004191,33.320000,-61.250000,-58.380001
6.101698,-13.909478,12.650853,43.610001,-58.939999,-56.000000
7.149754,-15.065211,17.202002,49.420002,-52.920002,-47.459999
8.745767,-16.211372,20.985056,28.559999,-42.420002,-40.529999
11.636297,-18.072989,25.091137,-22.260000,-37.869999,-38.290001
15.014962,-20.389240,27.952955,-82.669998,-22.889999,-36.959999
16.855042,-23.258236,28.237701,-135.169998,36.259998,-15.260000
17.020147,-24.942783,26.916864,-161.210007,128.309998,49.630001
17.144573,-23.799015,25.119852,-132.860001,210.070007,118.860001
17.615959,-20.571095,21.040087,-44.240002,276.779999,142.029999
19.441683,-14.148761,14.400006,65.099998,332.500000,142.380005
21.415762,-3.359523,2.727818,165.479996,381.290009,136.850006
20.374884,6.867401,-15.321243,179.199997,491.049988,105.840004
14.979070,11.825329,-33.786655,-17.150000,565.739990,117.250000
6.223732,12.770494,-48.775299,-263.760010,563.080017,151.130005
-2.536392,10.973484,-59.911491,-364.700012,465.640015,123.480003
-9.382257,4.278367,-63.072414,-252.839996,281.959991,22.330000
-11.413764,-2.823531,-60.854267,-35.070000,14.560000,-79.029999
-5.352744,-5.874380,-52.582275,132.300003,-243.669998,-155.539993
5.067998,-7.640282,-38.237305,206.639999,-384.720001,-201.110001
14.665611,-9.454042,-21.805792,258.510010,-391.929993,-186.410004
19.561325,-10.150353,-8.630912,319.690002,-264.809998,-112.139999
17.649460,-10.341780,-1.222732,365.329987,-71.120003,8.050000
4.364508,-4.697111,4.448257,372.820007,47.880001,121.029999
-0.894916,-1.648655,5.699703,295.540009,34.930000,137.550003
-2.309074,-0.775275,6.910471,190.190002,-39.270000,88.199997
-0.717847,-1.028914,8.257630,65.870003,-109.059998,55.439999
1.512264,-2.498107,9.145369,-51.939999,-133.910004,43.400002
2.400001,-5.012963,8.910872,-143.220001,-112.980003,48.299999
1.995614,-7.144968,8.039884,-193.690002,-79.940002,63.279999
1.220340,-8.858230,6.336195,-200.830002,-53.760002,64.959999
0.631705,-10.389636,4.943572,-169.820007,-44.029999,52.500000
0.830309,-11.150554,3.950550,-112.910004,-45.639999,36.750000
1.383051,-11.408978,3.323631,-55.230000,-46.549999,23.100000
1.933401,-10.966305,3.024528,-15.260000,-39.900002,22.190001
2.321038,-9.872787,2.883351,5.670000,-27.790001,28.770000
2.098505,-8.784052,2.720639,14.840000,-14.840000,28.770000
2.002793,-8.288737,2.280360,4.480000,-3.710000,23.520000
2.007578,-8.056634,1.689333,-19.670000,-1.260000,19.740000
1.564906,-8.204988,0.988236,-43.259998,-1.960000,15.050000
1.373480,-8.750552,0.311067,-57.959999,-6.510000,10.570000
1.665405,-9.544970,-0.076570,-61.389999,-12.670000,5.390000
1.811367,-10.102496,-0.466600,-55.439999,-15.470000,-0.980000
2.189433,-10.767702,-0.483350,-41.580002,-15.050000,-3.780000
2.459821,-11.090734,-0.480957,-23.309999,-12.040000,-1.820000
2.636890,-11.069198,-0.382852,-5.040000,-6.230000,0.560000
2.459821,-10.583455,-0.382852,8.890000,-2.520000,2.170000
2.459821,-10.583455,-0.382852,16.100000,-0.350000,3.850000
2.148755,-10.100104,0.327817,14.350000,0.700000,6.020000
2.072184,-9.954143,0.468993,4.900000,-0.490000,6.370000
2.096112,-9.982857,0.672383,1.050000,-2.100000,5.530000
2.033899,-9.824929,0.519243,0.350000,0.840000,7.070000
1.840081,-9.533006,0.428315,1.680000,5.040000,10.780000
1.581656,-9.241080,0.179462,2.520000,7.140000,12.530000
1.354338,-9.066404,-0.086142,1.400000,7.000000,10.150000
1.294517,-8.889337,-0.265603,-1.120000,5.110000,8.120000
1.282553,-8.788837,-0.390030,-3.990000,4.200000,6.230000
1.351945,-8.798409,-0.478565,-7.140000,4.060000,4.340000
1.337588,-8.855836,-0.514457,-9.730000,3.920000,2.520000
1.323231,-8.989835,-0.715454,-11.340000,5.320000,0.840000
1.272982,-9.166903,-0.708275,-11.620000,5.460000,-1.050000
1.253839,-9.269794,-0.775275,-9.520000,4.060000,-3.570000
1.261017,-9.410972,-0.859023,-3.500000,2.940000,-6.370000
1.244268,-9.461221,-0.808774,0.280000,1.820000,-6.720000
1.342373,-9.521042,-0.748954,0.840000,-0.140000,-7.770000
1.406980,-9.537791,-0.669990,0.420000,-1.820000,-7.910000
1.574477,-9.585647,-0.579063,1.890000,-1.750000,-7.210000
1.682154,-9.542577,-0.330210,3.080000,-0.980000,-6.650000
1.751546,-9.456435,-0.425922,2.520000,-0.420000,-6.650000
1.799403,-9.348758,-0.366102,-0.490000,0.560000,-6.510000
1.935793,-9.463614,-0.344566,-4.480000,2.730000,-5.320000
1.969293,-9.509077,-0.488136,-8.680000,6.440000,-3.080000
1.873580,-9.662218,-0.612563,-11.270000,11.200000,-0.420000
1.488336,-9.915856,-0.940379,-12.460000,12.390000,1.750000
1.485943,-9.946963,-0.985843,-11.410000,9.730000,1.820000
1.605584,-9.925428,-0.959522,-4.970000,5.180000,-0.630000
1.720440,-9.832108,-0.839881,-0.280000,4.690000,-1.610000
1.780260,-9.753145,-0.725025,2.870000,6.020000,-1.400000
1.844866,-9.607183,-0.710668,3.710000,7.630000,-0.350000
1.744368,-9.659825,-0.701097,1.190000,10.010000,0.420000
1.588834,-9.748360,-0.751346,-3.150000,11.270000,1.190000
1.495514,-9.755538,-0.777667,-5.600000,9.100000,1.540000
1.574477,-9.894321,-0.653241,-5.740000,5.670000,-0.770000
1.672583,-10.023535,-0.677169,-5.600000,4.340000,-2.380000
1.775474,-10.155140,-0.516850,-5.110000,5.320000,-1.190000
1.765903,-10.202995,-0.607777,-2.870000,7.490000,0.840000
1.586441,-10.193424,-0.641276,0.350000,9.380000,2.170000
1.581656,-10.174281,-0.624527,5.390000,8.890000,1.610000
1.624727,-10.121639,-0.497707,9.450000,8.050000,0.770000
1.655833,-10.047462,-0.440279,13.370000,8.960000,0.980000
1.586441,-9.791430,-0.356531,14.700000,9.660000,3.430000
1.631905,-9.509077,-0.284746,12.180000,8.820000,3.640000
1.586441,-9.420543,-0.203390,5.740000,8.400000,1.120000
1.653440,-9.571291,-0.160319,-0.980000,7.140000,0.700000
1.720440,-9.655040,-0.057428,-3.920000,6.370000,0.980000
1.797010,-9.738789,-0.093320,-3.010000,8.120000,0.700000
1.847259,-9.805787,-0.102891,-1.470000,8.960000,1.890000
1.887937,-9.765109,-0.016750,-1.470000,10.150000,2.660000
1.938186,-9.734003,-0.212961,-0.910000,13.160000,2.310000
1.794617,-9.667004,-0.277567,-2.030000,14.700000,3.990000
1.672583,-9.688539,-0.392423,-1.190000,16.100000,3.010000
1.629512,-9.580862,-0.547956,-0.280000,15.750000,3.010000
1.653440,-9.621540,-0.547956,-1.540000,14.210000,3.080000
1.706082,-9.664611,-0.631705,-3.150000,12.880000,1.680000
1.718047,-9.738789,-0.557528,-1.260000,12.670000,0.560000
1.677369,-9.743573,-0.507278,5.180000,14.630000,0.630000
1.548156,-9.556933,-0.366102,12.880000,16.520000,1.540000
1.402194,-9.308081,-0.287139,17.430000,16.660000,1.050000
1.416551,-9.059227,-0.145962,17.080000,14.420000,-1.330000
1.610370,-8.982656,-0.014357,12.880000,11.480000,-3.920000
1.720440,-9.083155,0.019143,4.130000,10.780000,-6.510000
1.722832,-9.351151,-0.064606,-6.160000,12.040000,-6.510000
1.715654,-9.588040,-0.105284,-12.810000,13.090000,-5.250000
1.775474,-9.858429,-0.193819,-9.380000,14.070000,-7.140000
1.770689,-10.025927,-0.330210,-3.710000,15.750000,-7.700000
1.782653,-10.092925,-0.468993,1.750000,18.059999,-6.440000
1.689333,-9.946963,-0.540778,4.340000,19.320000,-5.110000
1.557728,-9.762716,-0.593420,4.340000,19.600000,-5.670000
1.485943,-9.671788,-0.787239,2.030000,18.410000,-6.860000
1.464408,-9.772287,-0.820738,-1.960000,16.030001,-6.790000
1.483550,-9.793823,-0.899701,-5.740000,14.700000,-7.630000
1.509871,-10.023535,-0.949951,-7.210000,13.860000,-8.190000
1.643869,-10.124033,-1.021735,-5.880000,13.230000,-7.630000
1.674976,-10.229317,-1.031307,-3.710000,14.560000,-6.510000
1.469193,-10.281959,-1.261017,-0.420000,15.890000,-4.200000
1.339981,-10.121639,-1.289732,5.460000,15.330000,-0.980000
1.304088,-10.071390,-1.222732,8.680000,13.090000,-1.470000
1.349552,-9.896714,-1.165305,9.940000,10.990000,-2.030000
1.502693,-9.824929,-1.002593,9.450000,8.960000,-1.890000
1.543371,-9.781858,-0.863809,7.420000,9.310000,-0.840000
1.509871,-9.702895,-0.772882,6.090000,10.780000,0.420000
1.395016,-9.645468,-0.660419,6.090000,10.780000,1.190000
1.296910,-9.516255,-0.720240,6.230000,9.800000,1.330000
1.268196,-9.489935,-0.691526,3.780000,8.330000,0.630000
1.383051,-9.518648,-0.631705,-0.420000,6.650000,0.140000
1.505085,-9.509077,-0.610170,-4.480000,5.040000,-0.910000
1.569692,-9.707682,-0.717847,-7.560000,5.040000,-2.030000
1.619941,-9.777073,-0.765703,-9.310000,5.810000,-0.560000
1.560120,-9.848858,-0.780060,-8.540000,7.490000,1.540000
1.564906,-9.915856,-0.830309,-5.600000,8.330000,1.680000
1.505085,-9.990034,-0.902094,-2.730000,7.980000,2.380000
1.466800,-9.844072,-0.899701,-1.050000,7.840000,2.240000
1.397408,-9.872787,-0.897308,-0.350000,6.720000,1.750000
1.440479,-9.896714,-0.923629,-0.210000,4.970000,1.470000
1.450050,-9.789038,-0.870987,0.490000,3.150000,0.840000
1.555335,-9.779467,-0.720240,2.170000,2.520000,0.210000
1.562513,-9.719646,-0.789631,2.730000,3.010000,0.630000
1.519442,-9.731609,-0.636491,0.910000,3.080000,1.260000
1.531406,-9.619147,-0.720240,-0.980000,2.590000,0.980000
1.593620,-9.753145,-0.595813,-1.190000,2.170000,1.050000
1.569692,-9.707682,-0.559920,0.980000,3.080000,2.030000
1.581656,-9.667004,-0.528814,0.280000,3.570000,2.380000
1.469193,-9.614362,-0.514457,-1.540000,3.640000,2.520000
1.452443,-9.657433,-0.602991,-3.920000,3.500000,2.660000
1.450050,-9.714860,-0.636491,-5.740000,3.150000,2.240000
1.378266,-9.812965,-0.631705,-5.950000,2.310000,2.170000
1.655833,-9.681360,-0.504886,-4.830000,1.120000,1.610000
1.512264,-10.004392,-0.495314,-3.990000,3.220000,1.330000
1.509871,-9.820145,-0.681954,-3.500000,2.310000,4.900000
1.490728,-9.772287,-0.631705,-2.520000,1.820000,2.590000
1.488336,-9.901501,-0.643669,-1.750000,0.490000,-0.560000
1.517050,-9.887143,-0.650848,-1.470000,-0.280000,0.980000
1.593620,-9.777073,-0.622134,-1.820000,0.350000,1.470000
1.607977,-9.621540,-0.655633,4.200000,2.380000,3.290000
1.514657,-9.714860,-0.447458,3.990000,6.160000,3.990000
1.308874,-9.384650,-0.667598,-4.270000,4.690000,3.850000
1.328017,-9.487542,-0.638884,-10.080000,1.960000,2.310000
1.509871,-9.583255,-0.571885,-7.770000,1.820000,0.070000
1.646262,-9.731609,-0.555135,-4.060000,3.710000,2.450000
1.751546,-9.779467,-0.595813,-2.380000,7.420000,8.890000
1.730011,-9.815358,-0.638884,-1.820000,11.620000,12.180000
1.490728,-9.745967,-0.701097,-1.190000,12.670000,13.300000
1.189233,-9.628718,-0.686740,-2.800000,10.290000,8.680000
0.667598,-9.571291,-1.007378,-6.440000,4.270000,-3.150000
1.208375,-10.145569,-1.127020,-7.490000,-7.980000,-11.060000
1.660619,-9.918249,-0.854238,1.470000,-16.030001,-14.140000
1.844866,-9.442079,-0.543171,3.990000,-14.840000,-9.240000
1.337588,-9.221939,-0.777667,-2.870000,-8.610000,-3.570000
0.985843,-9.174082,-0.775275,-15.470000,-11.970000,3.640000
1.234696,-9.293723,-0.708275,-25.059999,-20.860001,6.300000
1.981257,-9.676575,-0.428315,-27.370001,-24.710001,6.090000
2.175076,-10.126426,-0.279960,-21.420000,-16.309999,7.770000
1.866402,-10.415956,-0.567099,-7.350000,-5.110000,7.420000
1.598405,-10.339387,-0.756132,8.470000,2.030000,3.500000
1.507478,-10.279566,-0.880559,22.049999,4.830000,-2.310000
1.418944,-9.815358,-0.713061,31.500000,4.270000,-2.450000
0.921237,-9.671788,-0.923629,37.240002,0.490000,-5.180000
1.399801,-9.293723,-0.837488,36.540001,-10.220000,-0.560000
1.935793,-9.702895,0.181855,31.150000,-7.000000,13.440001
2.828316,-9.078369,0.636491,28.700001,10.640000,11.340000
1.966900,-9.832108,0.399601,30.940001,24.150000,-0.840000
0.945165,-10.932807,-0.928415,47.670002,20.930000,-14.840000
1.246661,-10.423136,-1.024128,59.639999,15.190001,-21.139999
1.875973,-9.439686,-0.559920,47.529999,17.850000,-20.440001
1.256232,-9.925428,-0.559920,42.070000,12.670000,-24.990000
0.323031,-9.674182,-1.115055,32.549999,-5.670000,-6.790000
0.818345,-9.200402,-1.323231,21.910000,-25.059999,9.940000
1.624727,-9.016156,-0.370888,8.890000,-24.570000,25.969999
2.019542,-9.107083,0.009571,2.310000,-19.950001,28.139999
2.210968,-10.480563,0.952343,-0.700000,-11.410000,34.160000
1.263410,-10.889735,0.624527,-2.240000,10.360000,38.570000
1.387837,-10.437491,0.294317,-0.910000,14.770000,35.139999
1.249053,-9.504292,-0.011964,5.040000,15.750000,24.430000
1.514657,-8.611769,0.490529,8.750000,9.590000,16.730000
1.818545,-8.446664,0.708275,4.900000,12.740000,10.290000
1.768296,-8.614161,0.478565,-0.700000,24.639999,4.200000
1.773082,-8.700303,0.339781,-7.210000,36.680000,-5.460000
1.299303,-9.583255,0.416351,-13.230000,50.049999,-20.790001
1.105484,-9.583255,0.478565,-19.600000,52.849998,-27.930000
-0.736989,-10.674382,-0.284746,-28.490000,45.290001,-26.389999
-0.232104,-10.159925,-0.454636,-30.240000,-25.549999,13.860000
2.045863,-10.418350,-0.681954,-20.719999,-31.850000,5.810000
2.538785,-11.330014,-0.789631,12.390000,-21.490000,-22.120001
2.084148,-11.174481,1.124627,44.520000,4.830000,-6.440000
2.703890,-9.363115,0.327817,38.290001,17.080000,2.870000
1.665405,-8.293523,0.282353,16.030001,19.389999,1.260000
0.890130,-8.647661,0.157926,-4.270000,12.040000,2.450000
0.794417,-8.726624,-0.196211,-16.100000,1.050000,-1.470000
1.012164,-8.846266,0.090927,-25.200001,-5.670000,-12.180000
1.507478,-9.202796,0.014357,-31.780001,-7.000000,-17.010000
1.998007,-9.628718,0.241675,-34.230000,0.420000,-13.580000
2.086541,-10.231709,0.107677,-31.639999,8.610000,0.280000
1.887937,-10.150353,-0.193819,-24.080000,15.050000,11.830000
1.454836,-10.229317,-0.066999,-14.490000,18.549999,11.620000
1.497907,-10.327423,-0.222532,-3.780000,17.360001,8.330000
1.619941,-9.946963,-0.098106,3.360000,15.610000,8.330000
1.347159,-9.779467,-0.145962,5.950000,15.820000,11.340000
1.174876,-9.714860,-0.284746,4.270000,12.390000,10.010000
1.033699,-9.707682,-0.368495,2.520000,5.600000,6.440000
0.909273,-9.887143,-0.437887,1.330000,-1.470000,-1.120000
1.048056,-10.121639,-0.435494,2.730000,-7.980000,-8.050000
1.294517,-10.212566,-0.421137,4.550000,-13.370000,-10.080000
1.517050,-10.049855,-0.236889,5.460000,-14.140000,-7.560000
1.694118,-9.906286,-0.308674,4.830000,-12.110000,-6.020000
1.674976,-10.095319,-0.174676,3.850000,-8.750000,-3.220000
1.770689,-9.913465,-0.071785,3.150000,-3.990000,5.180000
1.660619,-9.554541,0.114855,0.560000,2.240000,11.480000
1.320838,-9.511470,-0.088534,-3.710000,8.400000,8.470000
1.138984,-9.477970,-0.150748,-8.540000,8.050000,2.940000
1.050449,-9.437292,-0.145962,-9.870000,2.520000,-1.960000
1.004985,-9.664611,-0.320638,-8.680000,-1.540000,-8.120000
1.117448,-10.068997,-0.320638,-6.720000,-6.020000,-8.890000
1.395016,-10.236496,-0.272782,-5.950000,-8.330000,-6.090000
1.686940,-10.193424,-0.184247,-4.970000,-5.180000,-4.480000
1.758725,-10.088140,-0.162712,-2.380000,-1.470000,-2.660000
1.732404,-10.092925,-0.136391,-0.980000,1.330000,3.290000
1.679761,-9.810574,-0.169890,-3.220000,4.270000,9.590000
1.426122,-9.633504,-0.215354,-6.860000,6.650000,8.470000
1.177269,-9.870394,-0.416351,-7.140000,4.200000,5.880000
1.141376,-9.844072,-0.346959,-4.690000,-0.350000,2.800000
1.213161,-9.779467,-0.390030,-0.630000,-3.710000,-4.970000
1.165305,-9.585647,-0.638884,3.290000,-5.670000,-7.490000
1.060020,-9.664611,-0.655633,7.420000,-5.880000,-11.830000
1.581656,-9.946963,-0.129212,10.360000,-9.380000,-16.450001
2.067399,-9.767502,-0.031107,7.280000,-9.100000,-7.840000
2.120041,-9.757930,0.093320,2.800000,0.070000,1.890000
1.713261,-9.700503,-0.196211,0.630000,10.360000,6.230000
1.383051,-9.731609,-0.265603,-0.840000,15.330000,10.430000
1.167697,-9.753145,-0.320638,-1.890000,15.610000,11.830000
0.966700,-9.678967,-0.435494,-2.450000,10.150000,9.590000
1.268196,-9.578469,-0.071785,-2.380000,2.660000,3.710000
1.308874,-9.533006,-0.019143,-3.920000,0.630000,3.780000
1.545763,-9.401401,0.356531,-7.000000,-5.530000,6.160000
1.866402,-9.509077,0.425922,-18.410000,-9.660000,14.910000
1.555335,-10.246067,0.275175,-16.590000,3.920000,17.360001
1.313660,-10.145569,0.196211,2.520000,13.860000,2.940000
0.648455,-9.750752,0.165105,7.420000,7.280000,-7.210000
