-4.771288,-9.150154,-0.093320,-4.760000,-1.610000,5.600000
-4.555934,-9.647861,0.019143,-3.220000,-1.470000,5.180000
-4.560720,-9.731609,-0.016750,4.270000,0.980000,3.850000
-4.864608,-9.592826,-0.241675,10.080000,1.680000,6.020000
-4.790431,-9.231510,-0.299103,9.800000,0.840000,8.190000
-4.673182,-9.114261,-0.303888,5.670000,0.140000,7.980000
-4.802395,-9.068797,-0.133998,-1.260000,0.140000,8.260000
-4.948357,-9.166903,-0.193819,-7.700000,-0.140000,9.170000
-4.780859,-9.334401,-0.119641,-11.200000,-0.350000,10.360000
-4.749753,-9.554541,-0.167498,-11.480000,-0.350000,11.480000
-4.924429,-9.501899,-0.234497,-8.330000,1.050000,12.460000
-5.067998,-9.379865,-0.241675,0.140000,2.170000,12.670000
-5.065606,-9.142976,-0.212961,2.660000,3.850000,13.090000
-5.266603,-8.956335,-0.287139,2.380000,3.780000,13.860000
-5.309673,-8.757731,-0.253639,0.560000,2.520000,14.700000
-5.146961,-8.472985,-0.246461,-2.450000,1.680000,15.190001
-5.008178,-8.367701,-0.162712,-6.230000,1.820000,15.960000
-4.960321,-8.293523,-0.275175,-9.730000,1.750000,17.920000
-4.809574,-8.413164,-0.299103,-8.960000,2.170000,20.580000
-4.546363,-8.441878,-0.239282,-4.130000,3.430000,22.190001
-4.589434,-8.315059,-0.224925,4.690000,6.160000,23.520000
-4.680361,-8.169096,-0.413958,14.000000,8.190000,25.549999
-4.551149,-8.240881,-0.464208,22.049999,10.080000,28.770000
-3.579663,-9.128618,-0.413958,36.189999,11.410000,38.290001
-2.438286,-9.820145,-0.337388,55.020000,12.670000,50.400002
-0.543171,-9.044869,0.485743,83.370003,14.840000,65.099998
1.677369,-6.214160,2.378466,119.209999,22.820000,78.120003
3.816552,-1.593620,4.010371,150.080002,36.820000,87.290001
6.072984,3.495914,5.699703,155.889999,55.230000,93.800003
8.791230,8.597411,5.869594,122.989998,78.120003,99.820000
11.779866,13.287343,2.732604,58.590000,97.370003,113.889999
14.397614,17.625532,-3.404987,-21.559999,109.620003,140.910004
15.287744,23.619553,-6.903293,-104.440002,131.250000,152.600006
12.327823,33.020950,-11.528620,-233.729996,183.470001,89.180000
3.471986,47.413780,-14.096118,-280.070007,220.500000,54.180000
-17.627924,59.937813,-17.230717,-354.480011,175.490005,-9.730000
-24.416363,42.156746,-17.132610,-414.959991,-12.950000,-78.889999
2.749353,35.420952,-6.814759,-430.779999,-278.250000,-301.140015
13.150953,22.614565,-4.378866,-148.889999,-227.009995,-464.869995
21.583260,-2.835495,1.414158,46.060001,-197.680008,-483.279999
31.685759,-20.204992,9.757930,161.000000,-144.339996,-442.470001
33.884758,-36.457043,12.713067,331.940002,-35.349998,-502.670013
26.019554,-49.689354,12.095718,402.290009,70.559998,-472.220001
8.384450,-54.790855,10.183852,323.750000,120.959999,-354.829987
8.384450,-54.790855,10.183852,207.479996,158.130005,-265.929993
-9.281759,-55.975300,6.546762,125.090004,102.620003,-190.259995
-13.045669,-44.537609,5.745167,70.629997,6.370000,-152.320007
-1.552942,-38.151165,4.017549,-24.010000,-24.920000,-150.710007
-11.918649,-30.659237,-6.089733,-143.990005,72.029999,-93.239998
-10.265208,-29.754749,-1.624727,-102.970001,7.910000,-48.650002
-6.111269,-29.687750,-2.490928,-47.599998,4.830000,-54.110001
-5.776274,-26.998217,-2.885744,-6.370000,12.670000,-55.090000
-5.558527,-24.136402,-2.617748,63.139999,-3.780000,-39.759998
-3.103491,-18.422340,-3.637090,91.349998,-1.680000,-30.380001
-3.017349,-15.933806,-2.641676,54.040001,-13.300000,-46.689999
-1.450050,-13.430914,-2.971886,15.050000,-13.790000,-26.880001
-0.598206,-12.495319,-3.333202,-23.730000,-10.360000,-24.570000
-0.617348,-12.689137,-2.983850,-58.240002,2.870000,-33.810001
-0.770489,-12.993028,-2.392823,-67.760002,13.440001,-28.559999
-1.105484,-13.627125,-0.464208,-60.830002,6.790000,-25.480000
-1.239482,-14.045869,-0.445065,-45.639999,4.760000,-25.969999
-0.648455,-13.485948,-1.045663,-14.280000,-5.530000,-23.520000
0.354138,-13.335200,0.076570,39.689999,-0.350000,-21.629999
0.457029,-12.973885,-0.011964,71.260002,2.240000,-17.990000
0.098106,-10.250853,-1.196411,81.690002,3.150000,-19.950001
0.725025,-8.417950,-1.971686,63.000000,3.640000,-23.379999
-0.514457,-6.486942,-2.165504,19.040001,5.950000,-24.710001
-0.368495,-6.841080,-2.031506,-39.340000,8.750000,-21.280001
-1.019342,-8.810372,-0.887737,-84.489998,9.520000,-13.860000
-0.990629,-11.346765,-0.227318,-87.919998,5.810000,-8.890000
-0.729811,-14.088940,-0.186640,-53.900002,-2.100000,-3.640000
0.136391,-14.701502,-0.356531,3.780000,-7.280000,0.700000
0.851845,-14.258829,-0.287139,65.870003,-9.310000,3.010000
0.882952,-10.669596,-0.729811,105.699997,-10.500000,7.980000
0.655633,-8.307880,-0.559920,116.480003,-12.180000,13.930000
0.454636,-6.233303,-0.722632,87.080002,-11.760000,14.770000
0.011964,-6.163911,-0.279960,44.799999,-4.130000,11.900000
-0.234497,-7.544570,-0.203390,-6.720000,2.730000,12.460000
-0.107677,-9.533006,0.105284,-36.470001,2.310000,10.430000
0.047856,-11.688939,0.110070,-26.880001,-0.770000,6.930000
0.366102,-11.985649,-0.282353,6.160000,-2.450000,5.390000
0.279960,-11.684153,-0.492921,45.220001,-3.360000,1.540000
0.052642,-10.686346,-0.425922,67.410004,-4.480000,1.470000
0.117248,-9.934999,-0.500100,68.180000,-9.240000,2.520000
0.385244,-9.487542,0.191426,53.900002,-13.790000,2.170000
0.794417,-9.293723,0.387637,34.369999,-15.050000,2.310000
0.954736,-9.166903,0.926022,15.680000,-12.530000,2.170000
0.835095,-9.320045,1.083949,-9.870000,-4.270000,2.240000
0.622134,-9.659825,1.347159,-19.250000,0.700000,2.660000
0.296710,-10.370493,1.464408,-16.590000,3.220000,3.500000
0.145962,-10.655239,1.380659,-2.870000,3.640000,2.450000
0.043071,-10.461421,0.906880,13.020000,3.500000,-1.260000
-0.050249,-10.200603,0.576670,19.950001,2.660000,-2.800000
-0.081356,-10.116854,0.275175,21.139999,1.330000,-4.060000
-0.169890,-9.865608,0.397209,20.510000,-0.210000,-5.320000
-0.196211,-9.300901,0.306281,18.410000,-2.870000,-6.720000
0.019143,-9.183653,0.212961,8.960000,-4.270000,-6.580000
0.258425,-9.341579,0.356531,-2.800000,-3.080000,-4.900000
0.167498,-9.736395,0.533599,-7.210000,-1.050000,-3.710000
0.050249,-10.466206,0.686740,-3.780000,-0.140000,-3.080000
0.016750,-10.399208,0.626920,8.750000,-0.910000,-2.170000
-0.040678,-10.533205,0.440279,19.670000,-1.820000,-1.330000
0.095713,-10.303494,0.311067,25.969999,-3.290000,0.210000
0.177069,-9.760324,0.349352,28.139999,-4.270000,0.210000
0.229711,-9.286544,0.325424,24.850000,-4.970000,0.210000
0.373280,-9.346365,0.605384,13.580000,-4.060000,1.050000
0.392423,-9.789038,0.952343,-1.750000,-1.680000,2.590000
0.234497,-10.133603,1.069592,-10.430000,1.120000,4.690000
0.150748,-10.207782,1.016950,-10.010000,2.520000,4.970000
0.150748,-10.277173,0.971486,-5.460000,4.340000,5.110000
0.401994,-10.671989,0.873380,-1.610000,4.270000,6.090000
-0.595813,-10.805987,0.827917,7.000000,10.220000,8.820000
-0.100499,-10.480563,0.811167,23.170000,8.960000,7.840000
0.124427,-9.872787,0.837488,29.190001,5.390000,1.470000
-0.114855,-9.458827,0.736989,21.139999,2.310000,3.500000
-0.997807,-8.453842,0.978664,7.630000,0.140000,5.040000
0.406780,-9.231510,0.971486,-8.470000,-0.280000,-5.040000
0.265603,-9.564112,1.320838,-15.120000,4.200000,-4.060000
-0.055035,-9.638289,1.251446,-21.000000,8.190000,1.120000
0.007178,-9.576077,1.098306,-25.690001,9.170000,3.500000
-0.076570,-9.600004,1.014557,-27.580000,6.230000,5.320000
-0.251246,-9.734003,0.952343,-26.809999,3.990000,6.510000
-0.579063,-9.987641,-0.239282,-18.340000,3.920000,5.600000
0.078963,-10.327423,0.301496,-5.600000,-2.100000,4.410000
-0.023928,-9.760324,0.069392,3.080000,-1.400000,9.450000
0.133998,-9.887143,0.133998,5.250000,-5.460000,6.440000
0.177069,-9.954143,0.169890,3.500000,-5.950000,3.500000
0.035892,-10.181459,0.148355,3.150000,-4.550000,-3.570000
-0.380459,-10.145569,0.308674,4.900000,-3.500000,-6.580000
-0.617348,-10.542776,0.691526,6.510000,-5.530000,-5.390000
0.937986,-10.782058,0.997807,39.549999,6.300000,3.430000
0.937986,-10.782058,0.997807,39.549999,6.300000,3.430000
2.505285,-11.207980,0.918844,48.650002,9.450000,2.520000
-2.299503,-7.219146,-0.636491,56.560001,35.209999,5.250000
-4.019942,-8.827123,-0.507278,26.600000,8.750000,-10.360000
0.437887,-8.685946,0.703490,9.660000,-27.930000,4.970000
1.555335,-9.303294,0.851845,-16.100000,-21.559999,3.780000
0.516850,-10.648061,0.344566,-20.370001,3.290000,-0.280000
-0.122034,-10.236496,0.744168,-4.760000,2.100000,11.830000
0.031107,-9.638289,0.837488,-2.310000,-5.040000,1.610000
-0.244068,-9.743573,0.949951,-0.910000,-7.140000,3.850000
0.016750,-9.489935,0.945165,0.490000,-6.580000,6.720000
-0.002393,-9.540184,0.830309,1.050000,-5.250000,2.590000
-0.014357,-9.568897,0.969093,1.610000,-6.930000,2.100000
0.167498,-9.310472,1.134198,1.750000,-6.090000,1.680000
0.275175,-9.308081,1.186840,0.910000,-3.570000,0.350000
0.208176,-9.420543,1.261017,-0.560000,-2.450000,0.700000
0.181855,-9.600004,1.296910,-0.280000,-2.170000,0.070000
0.143569,-9.552148,1.328017,2.590000,-1.190000,-1.400000
-0.205783,-9.616754,1.277767,6.580000,0.070000,-2.450000
-0.256032,-9.669396,1.225125,9.100000,-0.420000,-3.640000
-0.256032,-9.667004,1.174876,10.290000,-3.430000,-4.340000
-0.224925,-9.738789,1.086342,11.760000,-4.760000,-4.830000
-0.200997,-9.611969,1.127020,11.690000,-4.900000,-4.760000
-0.198604,-9.542577,1.091127,9.450000,-5.040000,-4.830000
-0.133998,-9.640682,1.301696,5.040000,-5.110000,-4.410000
-0.076570,-9.820145,1.493121,1.190000,-4.130000,-3.290000
0.031107,-10.035499,1.617548,0.700000,-1.330000,-2.310000
0.031107,-10.059426,1.622334,1.190000,1.890000,-2.100000
-0.009571,-10.147961,1.481157,1.330000,4.060000,-2.100000
-0.002393,-10.229317,1.328017,0.700000,4.690000,-1.470000
0.002393,-10.281959,1.268196,2.450000,4.270000,-0.140000
0.002393,-10.234102,1.129412,3.990000,3.780000,0.070000
0.059821,-10.021141,1.088734,5.670000,2.170000,0.980000
0.040678,-9.748360,1.177269,3.850000,1.470000,1.330000
0.074178,-9.597611,1.251446,1.330000,0.840000,1.750000
0.153141,-9.640682,1.342373,-0.770000,0.910000,1.820000
0.320638,-9.808180,1.416551,-0.910000,2.310000,2.100000
0.332602,-9.970891,1.442872,1.540000,4.760000,2.520000
0.289532,-10.133603,1.514657,4.830000,6.510000,2.450000
0.258425,-10.061819,1.531406,7.420000,7.210000,1.960000
0.095713,-9.516255,1.373480,7.350000,7.630000,1.470000
0.095713,-9.516255,1.373480,4.340000,8.680000,0.910000
-0.035892,-9.437292,1.256232,-1.260000,9.100000,1.820000
0.217747,-11.633904,-0.437887,18.059999,6.650000,0.210000
0.758525,-8.738588,0.471386,43.820000,-0.420000,-9.240000
-1.162912,-8.154739,-0.184247,12.670000,11.410000,4.830000
-0.770489,-8.370094,0.256032,-17.920000,1.890000,10.360000
0.136391,-8.965906,1.050449,-34.090000,-9.660000,4.410000
-0.344566,-10.080962,1.385444,-42.139999,-13.300000,0.280000
0.696311,-10.827522,1.507478,-28.980000,-13.440001,-1.120000
1.095913,-10.549955,1.294517,-1.120000,-2.030000,-6.440000
-0.057428,-9.894321,1.162912,2.520000,10.920000,-3.570000
