-0.117248,-9.241080,0.806381,6.930000,6.860000,-10.780000
-0.729811,-8.798409,0.306281,1.890000,6.230000,-5.670000
-0.894916,-8.295916,0.210568,-5.740000,-2.870000,0.350000
-0.796810,-7.886744,-0.437887,-19.040001,-14.490000,5.040000
-0.098106,-9.164511,0.502493,-37.310001,-28.280001,7.980000
1.574477,-9.968499,1.751546,-44.799999,-32.619999,10.780000
2.244468,-10.717452,1.581656,-42.209999,-20.370001,5.950000
1.816152,-11.674582,1.655833,-27.299999,-3.640000,-6.230000
0.811167,-12.090932,1.170090,-5.110000,9.590000,-13.090000
0.325424,-11.899508,0.725025,15.470000,12.390000,-8.680000
0.672383,-10.999805,0.550349,29.120001,9.590000,-0.840000
0.990629,-10.435099,0.643669,34.930000,8.750000,0.210000
0.693919,-10.112068,0.550349,35.070000,11.480000,-1.890000
0.327817,-9.851252,0.351745,26.670000,9.660000,1.120000
0.155533,-9.602397,0.370888,18.690001,3.780000,3.570000
0.306281,-9.401401,0.466600,9.940000,-1.400000,3.640000
0.550349,-9.288938,0.696311,1.820000,-4.060000,1.820000
0.626920,-9.451650,0.918844,-4.550000,-4.270000,-0.490000
0.674776,-9.853643,1.134198,-7.490000,-3.430000,0.350000
0.736989,-9.973285,1.246661,-7.350000,-1.750000,3.290000
0.811167,-9.985250,1.201197,-5.880000,0.490000,3.850000
0.926022,-10.107283,1.261017,-2.380000,2.800000,2.240000
0.849452,-10.140782,1.280160,2.380000,7.000000,-0.700000
0.397209,-9.908678,0.851845,5.390000,9.030000,-2.240000
0.397209,-9.908678,0.851845,6.860000,8.540000,-2.940000
0.251246,-9.614362,0.502493,6.230000,7.770000,-2.660000
0.200997,-9.686146,0.574277,2.590000,4.550000,-2.310000
0.200997,-9.643075,0.581456,-0.420000,2.100000,1.050000
0.325424,-9.631111,0.674776,-3.710000,-0.490000,5.390000
0.524028,-9.578469,0.803988,-4.970000,-2.100000,6.860000
0.552742,-9.559326,0.861416,-4.900000,-1.960000,4.550000
0.605384,-9.803394,0.926022,-3.150000,-0.070000,1.400000
0.306281,-9.741181,0.751346,1.400000,2.730000,-1.680000
0.323031,-9.688539,0.679562,5.600000,2.520000,-3.640000
0.351745,-9.576077,0.591027,8.260000,3.150000,-5.460000
0.330210,-9.621540,0.626920,8.330000,2.520000,-6.090000
0.406780,-9.631111,0.861416,7.140000,0.630000,-4.270000
0.519243,-9.427721,0.961915,5.530000,-0.140000,-1.330000
0.461815,-9.332008,0.847059,1.890000,0.350000,-1.330000
0.239282,-9.360723,0.887737,-4.480000,-1.260000,1.260000
0.301496,-9.396614,0.801596,-7.350000,-3.080000,1.260000
0.284746,-9.458827,0.820738,-8.960000,-3.570000,0.350000
0.234497,-9.748360,0.961915,-7.770000,-4.130000,-0.280000
0.349352,-9.925428,1.074377,-3.780000,-3.220000,-1.540000
0.401994,-9.958927,1.045663,1.050000,-1.540000,-1.960000
0.366102,-9.901501,0.954736,4.410000,-0.420000,-1.820000
0.325424,-9.748360,0.983450,6.020000,-0.630000,-0.910000
0.397209,-9.726824,1.048056,5.530000,-0.770000,0.980000
0.449851,-9.568897,1.067199,3.920000,-0.770000,1.820000
0.401994,-9.544970,1.071985,1.890000,-0.420000,-0.420000
0.306281,-9.614362,0.988236,1.190000,-0.350000,-1.540000
0.313460,-9.537791,0.916451,-0.910000,-1.050000,-1.960000
0.354138,-9.628718,0.878166,-2.870000,-1.680000,-2.240000
0.394816,-9.846465,0.978664,-4.480000,-2.170000,-1.890000
0.538385,-10.243673,1.167697,-2.520000,-1.050000,-3.010000
0.485743,-10.444671,1.122234,2.100000,1.890000,-3.710000
0.485743,-10.449455,1.103091,6.790000,4.340000,-1.540000
0.454636,-10.313066,0.976272,10.570000,5.460000,1.050000
0.440279,-10.088140,0.978664,12.180000,5.460000,2.660000
0.433101,-9.985250,1.040878,11.760000,4.900000,2.660000
0.363709,-9.899107,1.024128,9.730000,4.410000,2.030000
0.299103,-9.808180,1.016950,6.510000,3.500000,1.960000
0.138784,-9.659825,0.926022,2.310000,2.030000,1.750000
0.129212,-9.753145,0.983450,-2.170000,-0.210000,0.140000
0.308674,-9.994821,1.062413,-8.400000,-2.590000,3.080000
0.421137,-10.169496,1.239482,-9.030000,-1.750000,4.620000
0.344566,-10.317852,1.328017,-6.510000,-0.700000,4.620000
0.334995,-10.418350,1.354338,-2.730000,0.490000,5.180000
0.318245,-10.399208,1.342373,0.980000,1.190000,6.650000
0.435494,-10.234102,1.344766,3.500000,2.450000,7.140000
0.404387,-10.080962,1.347159,4.480000,3.290000,6.720000
0.361316,-9.961320,1.258625,3.780000,3.500000,5.320000
0.397209,-9.815358,1.227518,1.470000,2.940000,4.620000
0.380459,-9.824929,1.256232,-1.330000,2.030000,4.270000
0.380459,-9.824929,1.256232,-3.290000,1.330000,4.270000
0.612563,-9.810574,1.411765,-3.920000,1.260000,4.830000
0.722632,-10.023535,1.526621,-2.170000,1.960000,3.500000
0.758525,-9.913465,1.344766,1.610000,6.440000,2.240000
0.856631,-9.779467,1.225125,2.450000,7.630000,1.330000
0.772882,-9.925428,1.146162,0.770000,8.330000,-0.070000
0.744168,-10.021141,1.165305,-0.490000,7.980000,-0.770000
0.698704,-10.145569,1.184447,-0.070000,8.540000,-1.330000
0.638884,-10.191031,0.969093,1.330000,9.310000,0.980000
0.401994,-10.042676,0.942772,1.260000,10.430000,5.250000
0.253639,-9.616754,0.861416,2.590000,9.940000,7.280000
0.189033,-9.559326,0.693919,2.870000,9.030000,5.040000
0.078963,-9.482756,0.631705,1.540000,8.750000,4.340000
-0.043071,-9.619147,0.703490,-0.840000,7.000000,4.480000
-0.066999,-9.566505,0.681954,-1.540000,5.180000,4.620000
0.026321,-9.506684,0.768096,-2.450000,3.290000,2.870000
0.004786,-9.509077,0.701097,-3.780000,2.940000,3.430000
-0.078963,-9.489935,0.591027,-6.300000,2.170000,5.670000
-0.189033,-9.434900,0.559920,-8.820000,-0.210000,6.860000
-0.203390,-9.408579,0.602991,-9.030000,-2.170000,5.600000
-0.019143,-9.487542,0.768096,-7.910000,-2.940000,3.220000
0.210568,-9.753145,1.026521,-2.870000,0.210000,-0.840000
0.150748,-9.635897,1.014557,3.430000,3.780000,-5.390000
0.040678,-9.549755,0.937986,6.860000,4.900000,-9.030000
0.002393,-9.525827,0.832702,7.210000,4.340000,-9.520000
0.064606,-9.379865,0.751346,1.680000,1.400000,-6.860000
0.129212,-9.439686,0.880559,-0.840000,0.070000,-5.670000
0.275175,-9.530612,0.914058,-5.530000,-2.030000,-1.750000
0.327817,-9.525827,0.961915,-10.780000,-3.850000,2.450000
0.480957,-9.528220,1.074377,-11.690000,-4.340000,1.190000
0.488136,-9.671788,1.098306,-10.850000,-3.150000,-1.680000
0.418744,-9.836893,1.115055,-9.100000,-1.260000,-3.360000
0.380459,-9.958927,1.050449,-6.160000,0.280000,-3.360000
0.385244,-9.779467,0.832702,-2.940000,1.890000,-2.450000
0.284746,-9.674182,0.636491,-0.980000,2.170000,-3.780000
0.193819,-9.671788,0.569492,-1.260000,2.310000,-5.180000
0.138784,-9.738789,0.574277,-2.800000,1.610000,-3.290000
0.057428,-9.741181,0.583849,-3.500000,0.490000,-1.680000
0.162712,-9.714860,0.641276,-3.640000,-1.120000,-0.910000
0.325424,-9.650253,0.667598,-2.800000,-1.960000,-1.470000
0.390030,-9.662218,0.725025,-2.240000,-1.540000,-4.200000
0.370888,-9.796216,0.866202,-1.680000,-1.540000,-5.460000
0.363709,-9.927821,0.945165,0.070000,1.190000,-5.040000
0.349352,-10.028319,0.904487,2.240000,2.730000,-3.780000
0.306281,-9.896714,0.748954,3.360000,3.640000,-2.450000
0.177069,-9.841680,0.650848,2.170000,3.080000,-1.120000
0.205783,-9.803394,0.650848,1.050000,1.540000,-0.280000
0.248854,-9.650253,0.576670,-0.420000,-0.210000,-2.310000
0.234497,-9.774680,0.662812,-2.240000,-1.890000,-3.080000
0.294317,-9.868000,0.744168,-3.570000,-3.080000,-2.310000
0.425922,-9.889536,0.813560,-3.990000,-3.850000,-2.240000
0.638884,-10.009177,1.105484,-3.640000,-2.870000,-2.730000
0.693919,-10.492528,1.028914,-1.120000,-0.560000,-2.870000
0.524028,-10.217353,0.868595,4.550000,3.920000,1.680000
0.397209,-10.071390,0.792024,6.300000,4.410000,3.290000
0.236889,-9.949356,0.602991,6.930000,3.850000,3.640000
0.133998,-9.774680,0.655633,6.020000,2.100000,4.200000
0.275175,-9.659825,0.696311,4.480000,0.630000,3.570000
0.406780,-9.600004,0.717847,2.520000,-0.630000,2.380000
0.294317,-9.645468,0.756132,-0.210000,-0.700000,1.120000
0.203390,-9.879964,0.875773,-2.030000,-0.980000,1.190000
0.239282,-9.954143,0.935594,-1.960000,-1.680000,2.660000
0.382852,-9.889536,1.007378,-0.700000,-1.960000,4.690000
0.449851,-9.760324,1.012164,0.420000,-0.840000,5.040000
0.373280,-9.707682,0.952343,0.350000,0.490000,4.550000
0.272782,-9.616754,0.825524,-1.050000,0.770000,3.080000
0.251246,-9.690931,0.875773,-1.960000,-0.560000,2.450000
0.361316,-9.719646,0.870987,-1.960000,-0.630000,0.350000
0.349352,-9.762716,0.825524,-1.540000,-0.070000,-0.840000
0.313460,-9.769895,0.911665,-1.190000,0.560000,-1.610000
0.306281,-9.877571,0.909273,-0.980000,0.420000,-0.840000
0.334995,-9.891929,0.930808,-0.210000,0.840000,0.070000
0.378066,-9.834501,0.930808,0.490000,1.050000,-0.140000
0.342174,-9.815358,0.825524,0.350000,0.980000,0.560000
0.315853,-9.693325,0.806381,-0.630000,0.490000,0.280000
0.390030,-9.949356,0.830309,-1.680000,0.070000,0.910000
0.390030,-9.949356,0.830309,-1.050000,0.420000,0.700000
0.263210,-10.001998,0.691526,1.050000,1.820000,-1.680000
0.114855,-10.021141,0.660419,1.680000,1.680000,-0.280000
0.289532,-9.872787,0.720240,1.470000,-0.210000,2.310000
0.363709,-9.829715,0.799203,0.980000,-1.190000,2.800000
0.354138,-9.918249,0.868595,1.050000,-0.490000,1.820000
0.248854,-9.891929,0.914058,1.540000,0.350000,1.890000
0.236889,-9.769895,0.854238,1.960000,0.560000,2.660000
0.208176,-9.592826,0.768096,1.750000,-0.070000,1.330000
0.177069,-9.659825,0.787239,0.210000,-0.910000,-0.840000
0.327817,-9.791430,0.902094,-1.890000,-2.380000,0.140000
0.552742,-9.839286,0.983450,-2.940000,-2.310000,2.380000
0.631705,-9.846465,1.057628,-3.360000,-0.980000,4.550000
0.459422,-9.961320,1.007378,-3.080000,1.470000,4.900000
0.277567,-10.102496,1.048056,-0.910000,2.170000,3.850000
0.198604,-10.004392,0.916451,4.620000,3.150000,2.310000
0.275175,-9.903893,0.904487,7.000000,3.710000,1.680000
0.186640,-9.789038,0.830309,8.470000,4.410000,0.770000
0.181855,-9.698111,0.715454,7.560000,4.130000,1.260000
0.136391,-9.597611,0.729811,5.040000,2.730000,1.190000
0.157926,-9.655040,0.794417,2.170000,1.190000,1.120000
0.227318,-9.745967,0.806381,-0.350000,0.070000,2.660000
0.260818,-9.908678,0.937986,-2.030000,-0.140000,3.920000
0.227318,-9.951750,1.007378,-1.470000,-0.280000,4.410000
0.380459,-9.879964,1.043271,0.350000,0.280000,1.960000
0.313460,-9.789038,1.016950,2.310000,2.450000,-1.960000
0.167498,-9.915856,0.957129,3.150000,2.730000,-3.220000
0.327817,-9.853643,0.993021,3.220000,1.750000,-1.330000
0.375673,-9.774680,1.036092,2.660000,2.030000,-0.910000
0.306281,-9.760324,0.969093,0.700000,2.380000,-0.910000
0.198604,-9.836893,0.918844,-1.680000,1.750000,0.840000
0.189033,-9.801002,0.890130,-3.290000,0.420000,1.680000
0.299103,-9.812965,0.923629,-4.200000,-0.560000,2.870000
0.366102,-9.875179,0.957129,-4.340000,-0.280000,2.100000
0.358923,-9.817751,0.985843,-2.380000,0.840000,0.560000
0.263210,-9.870394,0.887737,-0.280000,2.590000,-1.610000
0.102891,-9.810574,0.720240,0.350000,3.360000,-1.330000
0.055035,-9.738789,0.669990,-0.420000,2.520000,-0.210000
0.189033,-9.767502,0.696311,-1.470000,0.910000,0.350000
0.272782,-9.884750,0.837488,-2.240000,0.910000,1.890000
0.385244,-9.946963,0.911665,-1.190000,0.770000,2.520000
0.373280,-9.894321,0.942772,0.840000,2.310000,1.680000
0.200997,-9.858429,0.902094,2.870000,3.290000,0.630000
0.186640,-9.779467,0.806381,3.920000,3.290000,-0.210000
0.186640,-9.722038,0.782453,4.130000,3.010000,-1.120000
0.141177,-9.638289,0.801596,3.920000,2.870000,-2.100000
0.064606,-9.650253,0.739382,2.380000,1.750000,-2.520000
0.088534,-9.717253,0.770489,-0.210000,-0.140000,-2.520000
0.227318,-9.611969,0.792024,-3.570000,-1.540000,2.170000
0.313460,-9.832108,0.813560,-6.440000,-1.890000,2.310000
0.313460,-9.832108,0.813560,-6.720000,-1.820000,2.100000
0.246461,-10.181459,0.916451,-4.270000,-0.700000,1.750000
0.222532,-10.109675,0.861416,3.150000,0.700000,-0.070000
0.205783,-10.018748,0.823131,6.790000,2.240000,-0.770000
0.181855,-9.817751,0.808774,8.190000,2.520000,-0.070000
0.119641,-9.755538,0.799203,7.700000,2.240000,0.350000
0.129212,-9.657433,0.875773,5.740000,1.330000,1.190000
0.148355,-9.683753,0.844666,2.730000,0.280000,2.660000
0.155533,-9.736395,0.959522,-0.560000,-1.190000,3.010000
0.122034,-9.798609,1.016950,-2.310000,-2.240000,3.360000
0.184247,-9.757930,1.076770,-2.590000,-2.660000,3.710000
0.200997,-9.659825,1.103091,-1.610000,-1.820000,2.100000
0.184247,-9.669396,1.060020,-0.140000,-0.560000,-0.700000
0.090927,-9.726824,0.957129,0.770000,0.770000,-2.660000
0.114855,-9.839286,0.949951,0.840000,0.840000,-2.170000
0.153141,-9.879964,0.990629,1.960000,0.980000,-1.960000
0.220140,-9.865608,0.940379,2.240000,0.980000,-0.840000
0.239282,-9.757930,0.966700,1.120000,0.980000,-0.140000
0.186640,-9.745967,0.923629,-0.490000,0.770000,-0.140000
0.160319,-9.741181,0.904487,-2.030000,-0.070000,0.140000
0.174676,-9.774680,0.957129,-2.450000,-0.630000,0.280000
0.179462,-9.750752,0.973879,-2.030000,-0.560000,0.350000
0.229711,-9.714860,1.000200,-1.330000,-0.140000,-0.420000
0.246461,-9.779467,0.954736,-0.420000,0.910000,-1.540000
0.210568,-9.841680,0.964308,0.560000,1.610000,-0.980000
0.203390,-9.789038,0.921237,0.700000,1.890000,0.630000
0.162712,-9.755538,0.787239,0.070000,1.960000,1.330000
0.189033,-9.743573,0.849452,-1.960000,1.260000,3.010000
0.124427,-9.710074,0.813560,-3.080000,0.210000,2.240000
0.031107,-9.870394,0.873380,-3.150000,-0.350000,1.190000
0.083749,-9.834501,0.935594,-2.100000,-0.840000,1.400000
0.184247,-9.745967,0.887737,-0.420000,-1.050000,0.630000
0.222532,-9.698111,0.861416,0.490000,-0.350000,-1.330000
0.220140,-9.927821,0.825524,0.560000,-0.210000,-2.870000
0.234497,-10.109675,0.818345,0.840000,-0.140000,-2.800000
0.246461,-10.253245,0.851845,1.610000,-0.350000,-0.630000
0.277567,-10.253245,0.906880,2.940000,-0.350000,0.840000
0.258425,-10.231709,0.971486,5.320000,0.280000,2.380000
0.189033,-10.023535,0.856631,7.560000,1.680000,3.010000
0.114855,-9.884750,0.863809,9.100000,1.960000,1.750000
0.069392,-9.793823,0.892523,8.400000,1.190000,1.680000
0.179462,-9.738789,0.856631,5.740000,0.420000,3.570000
0.294317,-9.674182,0.961915,2.450000,0.140000,3.360000
0.299103,-9.786645,1.081556,0.560000,0.490000,1.890000
0.217747,-9.868000,1.040878,-0.420000,0.420000,1.960000
0.179462,-9.863215,1.127020,-0.840000,0.280000,2.590000
0.210568,-9.774680,1.110270,-0.840000,0.280000,2.590000
0.346959,-9.757930,1.081556,-0.560000,0.980000,1.960000
0.397209,-9.726824,1.107877,-0.140000,2.380000,1.400000
0.169890,-9.724431,0.945165,-0.140000,3.080000,-0.840000
0.169890,-9.724431,0.945165,-0.980000,2.870000,-0.070000
0.203390,-9.652647,0.899701,-2.100000,1.960000,0.910000
0.215354,-9.662218,0.892523,-3.360000,1.330000,0.210000
0.270389,-9.664611,0.856631,-4.900000,0.910000,1.120000
0.222532,-9.688539,0.808774,-4.970000,0.700000,1.050000
0.241675,-9.710074,0.873380,-4.340000,0.490000,0.350000
0.323031,-9.705289,0.914058,-2.100000,0.910000,-1.050000
0.277567,-9.736395,0.892523,0.840000,2.450000,-2.940000
0.244068,-9.614362,0.727418,2.450000,3.430000,-2.170000
0.232104,-9.446864,0.732204,2.450000,2.800000,-0.840000
0.148355,-9.293723,0.581456,1.260000,2.450000,-0.630000
0.105284,-9.358330,0.619741,-1.050000,1.330000,0.070000
0.129212,-9.341579,0.646062,-2.030000,-0.630000,1.400000
0.174676,-9.291330,0.667598,-1.050000,-1.890000,1.120000
0.344566,-9.238688,0.796810,0.140000,-1.820000,1.120000
0.346959,-8.975478,0.966700,3.920000,-0.350000,2.450000
0.282353,-8.729016,1.122234,8.820000,3.150000,1.470000
0.320638,-8.288737,1.251446,14.630000,6.020000,0.560000
0.411566,-7.884350,1.462015,21.629999,9.380000,-1.190000
0.299103,-7.221539,1.677369,33.040001,14.070000,-3.080000
-0.009571,-6.405586,1.383051,45.990002,13.510000,-1.050000
-0.291924,-5.615955,1.593620,60.060001,7.700000,10.500000
-0.320638,-3.127419,1.507478,73.360001,2.450000,23.590000
-0.971486,0.457029,0.686740,71.260002,-12.180000,30.660000
-0.933201,3.421736,0.780060,55.369999,-40.670002,47.110001
1.337588,6.644868,1.938186,43.470001,-57.189999,58.240002
3.223132,9.868000,2.237289,34.720001,-45.570000,39.480000
1.682154,13.622340,1.134198,29.680000,-22.400000,11.550000
-0.756132,15.924235,-0.902094,34.509998,11.410000,-47.320000
-1.842474,17.381464,-2.794817,27.440001,9.940000,-101.709999
-1.435694,17.929420,-3.620341,5.460000,-5.950000,-151.339996
0.430708,16.601404,-3.749553,-27.160000,-27.510000,-202.440002
4.285545,12.413965,-2.433501,-64.680000,-48.790001,-252.350006
9.475577,6.376873,-0.902094,-103.180000,-55.439999,-279.089996
12.524034,-1.555335,-0.313460,-138.880005,-38.639999,-302.610016
13.942977,-10.064213,1.091127,-150.149994,-18.900000,-322.420013
14.964713,-17.156538,1.940579,-137.339996,-5.040000,-328.579987
15.900306,-23.306091,3.024528,-114.520004,0.840000,-325.220001
16.429121,-27.948168,2.433501,-89.599998,10.150000,-309.610016
16.120445,-32.841492,0.708275,-72.029999,17.920000,-265.230011
15.663417,-38.735012,0.789631,-68.669998,15.680000,-245.910004
16.433905,-44.068615,0.894916,-38.360001,5.180000,-162.399994
16.924435,-48.179482,1.619941,2.100000,14.420000,-106.330002
15.964913,-50.361740,2.088934,49.980000,35.279999,-62.160000
15.053247,-49.907101,-0.095713,92.470001,53.130001,-20.860001
13.268202,-49.835316,-0.052642,128.729996,58.869999,7.490000
12.519248,-46.624146,-2.459821,145.180008,60.340000,49.070000
12.189038,-42.932026,-4.450650,129.009995,51.450001,84.699997
12.629318,-41.300117,-3.565305,108.779999,41.160000,124.529999
14.986248,-35.370705,-0.409173,104.510002,38.080002,164.710007
14.986248,-35.370705,-0.409173,109.199997,44.310001,196.839996
15.641882,-30.254848,1.098306,113.050003,60.340000,207.619995
13.974084,-18.836300,2.187040,118.090004,82.739998,211.820007
13.222737,-13.837693,3.285345,96.879997,100.379997,197.750000
11.507084,-8.815158,3.268596,69.720001,116.970001,175.910004
8.458629,-5.592027,2.423929,31.780001,123.059998,155.259995
5.436492,-4.342973,1.658226,-10.640000,104.720001,162.050003
4.409972,-3.203990,3.050849,-38.360001,63.560001,194.949997
5.804988,-0.868595,4.706682,-37.240002,33.880001,222.250000
6.479764,1.962115,5.280960,-17.850000,37.730000,216.790009
4.864608,4.441079,4.713861,6.650000,59.570000,181.369995
2.775674,6.888937,3.457629,24.920000,71.889999,135.169998
1.586441,8.729016,2.507678,23.590000,67.620003,97.230003
0.935594,10.145569,1.993221,0.630000,57.889999,75.459999
-0.267996,11.248660,0.686740,-44.310001,52.570000,63.910000
-1.651048,10.147961,-0.449851,-98.559998,38.990002,49.630001
-2.931208,8.082954,-1.440479,-168.559998,2.730000,51.939999
-2.957529,5.285746,-1.060020,-183.750000,-25.059999,50.889999
-1.684547,2.299503,-0.212961,-169.119995,-39.270000,47.110001
-0.200997,-0.019143,1.153341,-128.940002,-35.279999,41.369999
0.684347,-1.225125,1.825724,-74.269997,-15.120000,25.340000
0.519243,-1.871187,1.557728,-22.330000,9.730000,5.250000
-0.937986,-1.536192,0.461815,12.670000,24.710001,-7.630000
-2.220540,-0.868595,-0.595813,18.200001,18.410000,-8.260000
-2.380858,-0.471386,-1.244268,-4.900000,-1.050000,-0.280000
-1.526621,-1.227518,-1.107877,-41.790001,-24.080000,3.990000
-0.839881,-3.225525,-0.588634,-77.489998,-41.580002,10.010000
1.272982,-7.322037,0.760918,-100.379997,-52.779999,18.480000
2.007578,-10.526026,2.187040,-102.129997,-53.270000,17.219999
1.622334,-12.361321,2.902494,-45.570000,-21.770000,10.150000
0.770489,-11.234302,2.251646,13.160000,2.730000,9.310000
0.021535,-8.908479,0.942772,56.349998,17.219999,10.220000
-0.736989,-7.369894,0.318245,71.470001,19.879999,6.230000
-1.277767,-6.427122,-0.076570,62.790001,14.770000,2.870000
-1.174876,-6.283553,-0.071785,38.920002,1.960000,2.660000
-0.658026,-6.987042,0.279960,11.760000,-12.250000,-1.680000
-0.416351,-8.166703,0.583849,-9.800000,-21.280001,-8.190000
0.064606,-9.293723,0.873380,-24.430000,-26.180000,-10.430000
0.512064,-10.734202,1.423729,-27.299999,-25.690001,-9.870000
0.354138,-11.416157,1.533799,-14.630000,-17.430000,-13.930000
0.306281,-11.566904,1.497907,5.600000,-9.800000,-16.030001
0.177069,-10.743774,1.356731,31.150000,-0.630000,-15.750000
0.083749,-9.686146,0.914058,34.369999,-0.140000,-17.990000
0.095713,-9.164511,0.820738,27.790001,-2.170000,-20.440001
0.265603,-8.980263,0.815953,16.100000,-4.760000,-21.420000
0.354138,-9.102298,0.933201,2.940000,-4.970000,-21.980000
0.294317,-9.595219,1.083949,-7.490000,-5.040000,-19.809999
0.208176,-10.112068,1.328017,-12.250000,-5.040000,-17.010000
0.229711,-10.430314,1.464408,-11.340000,-5.320000,-14.840000
0.387637,-10.547562,1.552942,-8.540000,-4.690000,-14.980000
0.512064,-10.722239,1.667797,-5.250000,-2.800000,-14.910000
0.643669,-10.834702,1.720440,-0.490000,-0.140000,-14.560000
0.571885,-10.906486,1.265803,4.340000,3.220000,-13.650000
-0.002393,-10.435099,0.959522,7.140000,5.320000,-10.990000
-0.064606,-10.157533,0.959522,4.340000,1.750000,-7.630000
0.055035,-9.990034,0.911665,-0.490000,-0.980000,-6.930000
0.244068,-9.951750,1.033699,-7.630000,-3.500000,-5.180000
0.526421,-10.181459,1.205983,-12.810000,-5.740000,-5.040000
0.681954,-10.803595,1.414158,-12.810000,-5.530000,-6.930000
0.777667,-10.971091,1.521835,-7.070000,-2.520000,-7.140000
0.729811,-10.705488,1.387837,-0.280000,1.190000,-6.370000
0.366102,-10.377672,1.153341,2.590000,5.180000,-5.950000
0.066999,-10.157533,1.036092,2.800000,5.530000,-4.550000
-0.031107,-9.762716,0.866202,2.170000,3.290000,-3.290000
0.210568,-9.712467,1.019342,0.070000,-0.210000,-4.270000
0.421137,-9.592826,1.177269,-2.870000,-1.890000,-4.060000
0.404387,-9.530612,1.287339,-8.540000,-2.310000,-3.430000
0.373280,-9.346365,1.282553,-12.250000,-2.800000,-3.500000
0.440279,-9.379865,1.184447,-16.309999,-3.150000,-6.300000
0.569492,-10.018748,1.363909,-15.680000,-3.150000,-8.190000
0.691526,-10.607382,1.450050,-7.350000,0.770000,-8.540000
0.665205,-10.612168,1.301696,1.050000,4.270000,-6.860000
0.607777,-10.313066,1.024128,6.090000,5.530000,-5.250000
0.598206,-10.104890,0.966700,6.720000,4.900000,-3.290000
0.526421,-9.841680,0.909273,4.830000,3.990000,-4.340000
0.294317,-9.652647,0.820738,0.560000,2.310000,-2.660000
0.184247,-9.559326,0.710668,-5.040000,-0.560000,0.210000
0.193819,-9.437292,0.677169,-9.660000,-3.010000,-0.350000
0.710668,-9.815358,0.990629,-12.670000,-4.690000,0.770000
1.038485,-10.157533,1.220340,-11.340000,-1.960000,3.710000
0.882952,-10.293922,1.222732,-5.390000,3.290000,1.890000
0.734596,-10.389636,1.141376,2.100000,6.370000,1.050000
0.591027,-9.978070,0.957129,8.470000,8.050000,0.490000
0.401994,-9.738789,0.851845,10.850000,8.540000,-2.240000
0.193819,-9.521042,0.839881,10.710000,8.120000,-2.940000
0.102891,-9.107083,0.574277,7.910000,6.440000,-2.870000
-0.098106,-8.886944,0.418744,1.540000,2.520000,-2.380000
-0.033500,-8.855836,0.390030,-7.630000,-3.360000,-1.750000
0.212961,-9.028119,0.646062,-17.990000,-10.010000,1.050000
0.502493,-9.104690,0.794417,-28.700001,-13.860000,4.830000
0.921237,-9.719646,1.155733,-37.240002,-16.450001,6.930000
1.268196,-10.509278,1.615155,-36.820000,-14.210000,2.730000
1.605584,-11.641083,1.916651,-11.410000,0.910000,-1.330000
1.043271,-11.705689,1.579263,13.510000,12.740000,-3.640000
0.636491,-10.880164,0.928415,30.870001,16.940001,-2.870000
0.433101,-10.021141,0.571885,36.750000,17.639999,-4.480000
0.181855,-9.327222,0.287139,31.920000,15.330000,-4.620000
-0.019143,-9.016156,0.272782,20.299999,9.310000,-2.730000
-0.064606,-8.951550,0.239282,5.390000,1.890000,1.120000
0.220140,-9.128618,0.409173,-9.100000,-4.410000,5.810000
0.224925,-9.272188,0.631705,-19.460001,-7.070000,8.190000
0.212961,-9.384650,0.710668,-27.299999,-10.500000,11.270000
0.502493,-9.628718,1.014557,-29.889999,-11.760000,14.210000
0.940379,-10.332209,1.493121,-27.510000,-8.680000,13.720000
0.770489,-10.681561,1.404587,-11.340000,2.590000,7.490000
0.349352,-10.676775,1.148555,4.200000,9.590000,3.430000
-0.160319,-9.987641,0.519243,16.520000,12.810000,1.470000
-0.425922,-9.501899,0.356531,20.090000,9.590000,1.050000
-0.373280,-9.047262,0.215354,16.240000,3.920000,2.170000
-0.186640,-8.918050,0.306281,6.930000,-2.030000,1.680000
0.055035,-9.121440,0.559920,-4.480000,-7.420000,3.010000
0.150748,-9.260223,0.744168,-13.720000,-10.220000,4.410000
0.332602,-9.468399,1.026521,-20.510000,-11.970000,6.580000
0.650848,-9.784252,1.342373,-24.430000,-11.620000,9.800000
0.725025,-10.006784,1.531406,-22.820000,-7.770000,8.400000
0.591027,-10.459028,1.531406,-15.610000,-2.590000,3.220000
0.256032,-10.444671,1.277767,-5.320000,2.100000,0.210000
0.045464,-10.090532,0.954736,4.340000,2.170000,0.210000
0.052642,-9.736395,0.792024,3.710000,-0.140000,0.700000
0.145962,-9.399008,0.672383,-0.630000,-1.820000,-0.070000
0.059821,-9.399008,0.550349,-6.020000,-3.010000,-0.910000
-0.052642,-9.358330,0.433101,-12.460000,-5.950000,-0.350000
0.088534,-9.444471,0.567099,-18.690001,-9.520000,1.540000
0.531207,-9.851252,0.894916,-21.000000,-8.050000,3.290000
0.660419,-10.066606,1.031307,-18.760000,-5.250000,1.960000
0.945165,-11.006985,1.375873,-7.840000,1.050000,-1.050000
0.636491,-11.131411,1.107877,8.120000,9.310000,-2.940000
0.342174,-10.707881,0.591027,19.530001,11.900000,-1.680000
-0.021535,-9.638289,0.102891,24.990000,12.460000,-3.010000
-0.313460,-9.365508,-0.100499,21.700001,9.520000,-4.760000
-0.378066,-9.068797,-0.069392,14.490000,3.850000,-3.080000
-0.055035,-8.884550,0.090927,5.250000,-2.450000,-1.610000
0.289532,-8.934800,0.425922,-5.740000,-7.280000,-0.070000
0.394816,-9.071191,0.602991,-15.400000,-8.540000,0.490000
0.337388,-9.286544,0.717847,-22.469999,-9.730000,1.400000
0.741775,-9.683753,1.045663,-27.090000,-11.830000,3.290000
1.208375,-10.772489,1.502693,-23.030001,-9.170000,1.470000
0.727418,-11.026128,1.272982,-8.890000,1.190000,-3.010000
0.337388,-10.851451,0.961915,6.230000,7.000000,-3.150000
0.260818,-10.119246,0.579063,16.590000,8.120000,-1.680000
0.323031,-9.585647,0.382852,18.410000,7.070000,-1.610000
0.150748,-9.365508,0.220140,13.720000,5.390000,-2.240000
-0.011964,-8.982656,0.076570,-1.750000,-1.610000,1.190000
0.165105,-9.169296,0.366102,-13.370000,-7.000000,2.590000
0.191426,-9.384650,0.619741,-22.120001,-10.080000,4.620000
0.466600,-9.580862,0.748954,-27.790001,-13.300000,6.720000
1.397408,-10.490135,1.505085,-22.610001,-7.420000,5.880000
1.318445,-11.030912,1.435694,-6.580000,6.860000,-1.050000
0.476172,-10.995021,0.973879,10.500000,14.490000,-3.010000
0.009571,-10.377672,0.323031,21.490000,14.700000,-2.100000
-0.100499,-9.707682,0.045464,23.730000,11.550000,-4.270000
-0.258425,-9.207582,-0.083749,18.969999,7.980000,-7.140000
-0.387637,-9.104690,-0.117248,9.520000,2.450000,-7.420000
0.066999,-9.272188,0.378066,-0.770000,-5.250000,-4.830000
0.488136,-9.265009,0.715454,-9.800000,-11.270000,1.750000
0.717847,-9.370294,1.031307,-19.250000,-11.270000,4.130000
0.708275,-9.652647,1.229911,-20.860001,-8.680000,4.270000
0.966700,-10.222138,1.418944,-16.590000,-5.180000,2.240000
0.784846,-10.674382,1.411765,-4.900000,2.590000,-2.030000
0.284746,-10.277173,0.856631,8.890000,9.800000,-2.730000
0.222532,-9.638289,0.593420,16.660000,10.010000,-1.470000
0.167498,-9.231510,0.394816,17.780001,9.240000,-4.060000
-0.016750,-9.037691,0.294317,14.000000,7.560000,-4.340000
0.026321,-8.810372,0.301496,7.070000,3.570000,-2.660000
0.217747,-8.774480,0.435494,-0.840000,-0.630000,-0.210000
0.413958,-8.752945,0.643669,-7.280000,-2.450000,1.820000
0.356531,-8.676375,0.727418,-11.130000,-2.590000,3.150000
0.392423,-8.386844,0.827917,-12.740000,-3.780000,4.830000
0.447458,-8.128418,0.698704,-12.880000,-2.450000,3.920000
0.260818,-7.889136,0.433101,-13.090000,-1.680000,3.220000
0.033500,-7.621140,0.229711,-12.740000,-3.080000,6.440000
0.129212,-7.111469,0.059821,-10.500000,-6.230000,11.550000
0.418744,-6.422336,0.105284,-6.090000,-8.190000,15.470000
0.710668,-5.589634,0.227318,1.750000,-7.490000,18.900000
0.940379,-4.455436,0.533599,13.930000,-4.480000,18.270000
1.134198,-3.594020,0.825524,31.080000,1.820000,10.360000
1.390230,-2.667997,0.990629,52.080002,9.800000,1.680000
1.514657,-1.576870,0.772882,72.800003,20.160000,-7.560000
0.433101,0.320638,-0.964308,86.590004,25.549999,-16.170000
-1.411765,5.852845,-1.153341,79.660004,12.810000,-14.070000
-0.263210,7.819745,-0.050249,33.250000,-24.920000,-5.390000
1.280160,8.848659,1.002593,-0.350000,-37.029999,-12.950000
1.670190,9.494720,1.158126,-23.870001,-26.250000,-38.360001
1.127020,8.729016,1.048056,-33.320000,-10.430000,-70.629997
-0.208176,7.994420,0.619741,-27.580000,0.280000,-97.300003
-0.564706,8.729016,0.313460,-16.450001,-0.350000,-103.669998
-1.263410,9.789038,-0.150748,-9.660000,-4.130000,-117.040001
-2.062613,10.939985,-0.765703,-7.630000,-19.250000,-142.729996
1.201197,11.356337,0.571885,-12.950000,-48.720001,-165.059998
5.989235,8.889337,3.318845,-15.960000,-61.250000,-219.029999
9.341579,5.170890,4.534399,-17.639999,-39.830002,-277.200012
11.181661,-0.461815,4.510471,-21.910000,-16.170000,-322.980011
16.589439,-10.865808,4.421937,-69.019997,-4.200000,-328.579987
16.589439,-10.865808,4.421937,-69.019997,-4.200000,-328.579987
19.233507,-15.780666,3.637090,-108.080002,8.260000,-321.929993
21.135801,-20.633310,2.096112,-153.509995,17.639999,-306.950012
22.296322,-27.737600,1.191626,-180.180008,26.040001,-295.329987
22.547567,-36.078979,0.100499,-178.289993,37.029999,-269.010010
22.576284,-44.142788,-1.261017,-144.899994,46.689999,-229.880005
21.884756,-50.842697,-1.737189,-71.820000,58.099998,-184.660004
20.963520,-53.046482,-2.646462,12.460000,73.220001,-134.539993
19.939390,-50.371304,-6.331409,68.809998,82.739998,-84.000000
18.776478,-46.894539,-9.422935,83.019997,74.059998,-29.610001
17.613567,-41.405403,-10.612168,73.220001,52.570000,57.750000
16.558332,-37.832916,-11.023734,68.599998,49.000000,82.459999
15.476776,-34.939995,-10.674382,60.270000,40.320000,136.570007
15.730415,-32.408390,-8.401200,67.690002,24.990000,165.339996
16.603796,-29.776283,-5.919843,92.400002,16.240000,183.399994
17.257038,-26.282763,-3.952943,122.779999,18.690001,199.850006
16.663616,-21.920647,-2.299503,142.729996,29.540001,222.669998
15.402599,-17.670996,-0.729811,152.529999,37.939999,232.750000
14.041083,-13.081561,0.430708,154.559998,41.720001,239.540009
12.435498,-7.207181,0.897308,139.089996,45.430000,242.130005
10.734202,-2.378466,1.045663,101.220001,44.520000,233.240005
8.137990,0.088534,1.366302,53.549999,45.360001,202.229996
6.108876,0.693919,2.120041,16.450001,38.779999,166.880005
5.395815,0.078963,2.957529,0.770000,26.110001,137.690002
5.359922,-0.098106,4.211368,2.590000,17.990000,127.610001
4.634897,0.184247,4.704289,27.160000,27.230000,127.050003
3.330809,1.430908,4.859823,47.389999,36.680000,129.710007
1.852045,3.728018,4.003192,55.790001,42.490002,122.570000
0.184247,6.465407,2.641676,34.299999,37.450001,110.669998
-1.261017,8.494520,1.916651,-16.660000,16.379999,103.389999
-0.894916,8.269595,2.335395,-75.739998,-9.520000,97.650002
-0.679562,5.362316,3.381058,-116.410004,-24.219999,76.580002
-0.638884,2.148755,4.134798,-119.070000,-27.090000,60.410000
-0.098106,-0.148355,4.161119,-98.279999,-23.309999,48.160000
-0.016750,-1.148555,3.562913,-69.860001,-11.270000,45.570000
-0.612563,-1.696511,2.435893,-45.290001,-5.670000,42.070000
0.236889,-1.799403,1.524228,-30.870001,-9.590000,46.480000
0.619741,-2.770889,1.299303,-34.650002,-13.300000,40.529999
0.540778,-4.685147,1.440479,-42.630001,-14.630000,30.940001
0.875773,-5.876772,1.651048,-43.540001,-16.450001,30.450001
1.110270,-6.731010,1.811367,-36.820000,-15.400000,30.590000
1.105484,-6.881758,1.837688,-24.850000,-10.640000,26.389999
1.607977,-7.678568,2.254039,-9.310000,-6.440000,19.670000
1.619941,-7.956135,2.165504,10.080000,5.950000,14.350000
0.799203,-7.951349,1.545763,26.880001,16.309999,9.310000
0.464208,-7.601997,1.012164,34.650002,15.260000,16.100000
0.679562,-7.113862,0.890130,32.830002,8.680000,26.670000
1.141376,-7.257431,1.284946,29.889999,3.780000,26.880001
0.851845,-7.312466,1.177269,30.380001,5.950000,18.690001
0.315853,-6.994221,0.961915,31.500000,6.720000,10.150000
-0.074178,-6.429514,0.720240,24.710001,0.770000,-3.220000
-0.095713,-6.668797,1.000200,14.630000,-5.740000,-11.060000
0.177069,-7.101898,1.095913,4.130000,-10.290000,-13.160000
0.617348,-7.743174,1.469193,-6.160000,-12.250000,-8.120000
0.899701,-8.183454,1.607977,-13.580000,-9.520000,-4.480000
0.370888,-8.743374,1.253839,-18.270000,-9.170000,-9.310000
-0.090927,-9.528220,1.141376,-19.180000,-14.910000,-9.590000
0.145962,-9.930215,1.217947,-16.799999,-21.210001,-6.930000
0.794417,-10.164711,1.380659,-12.250000,-21.350000,-9.730000
1.301696,-10.523634,1.770689,-6.300000,-15.260000,-11.620000
1.387837,-10.786844,1.947758,1.820000,-5.670000,-12.880000
1.198804,-10.569098,1.897508,10.010000,-0.700000,-11.270000
1.064806,-10.310673,1.957329,13.930000,2.730000,0.280000
0.727418,-10.085747,1.782653,15.260000,7.840000,1.400000
0.366102,-9.494720,1.543371,15.540000,6.860000,-0.420000
0.275175,-9.145369,1.502693,12.040000,2.450000,-2.030000
0.265603,-8.477771,1.512264,5.950000,-1.610000,-2.590000
0.368495,-8.109276,1.411765,-1.050000,-5.600000,-7.280000
1.127020,-8.403593,1.847259,-7.980000,-9.100000,-8.750000
1.093520,-8.551948,1.734797,-11.410000,-3.010000,-12.390000
0.591027,-8.915657,1.610370,-11.970000,1.540000,-17.080000
0.638884,-9.080762,1.505085,-11.760000,0.770000,-13.860000
0.861416,-9.186047,1.433301,-13.580000,-1.120000,-8.820000
1.048056,-9.382257,1.416551,-16.520000,-1.540000,-3.430000
0.914058,-9.640682,1.150948,-17.920000,-0.770000,-2.520000
0.787239,-9.676575,1.107877,-16.870001,-4.130000,-2.870000
0.753739,-9.592826,1.033699,-16.379999,-6.160000,-4.130000
0.677169,-9.530612,0.961915,-17.360001,-7.630000,-5.250000
1.684547,-9.724431,0.918844,-18.830000,-4.480000,-5.320000
2.467000,-10.138390,1.880759,-17.010000,6.860000,-11.900000
0.507278,-11.509477,1.782653,-5.810000,9.800000,-3.080000
1.299303,-9.944571,1.158126,1.190000,0.490000,3.010000
1.531406,-9.477970,1.586441,-3.150000,1.610000,0.700000
0.993021,-9.710074,1.718047,-5.810000,3.290000,2.730000
0.813560,-9.607183,1.674976,-7.000000,2.030000,3.640000
0.547956,-9.518648,1.493121,-7.630000,-0.210000,4.900000
0.258425,-8.965906,0.952343,-9.100000,-5.460000,6.510000
0.540778,-8.841480,0.969093,-12.950000,-11.340000,7.770000
0.703490,-8.729016,0.940379,-20.370001,-14.840000,8.050000
0.918844,-9.387043,0.966700,-23.520000,-15.260000,6.510000
1.115055,-9.762716,1.062413,-20.790001,-12.460000,4.480000
1.261017,-10.274779,1.007378,-12.950000,-7.700000,1.890000
1.366302,-10.468598,0.909273,-2.030000,-1.260000,-1.470000
0.720240,-10.308280,0.591027,7.840000,3.430000,-4.830000
0.210568,-10.092925,0.533599,13.370000,1.050000,-2.310000
0.677169,-9.635897,0.557528,15.470000,-6.300000,3.570000
1.069592,-9.391829,0.830309,13.020000,-10.220000,3.920000
0.993021,-9.391829,1.004985,8.400000,-11.340000,3.570000
0.880559,-9.372685,0.981057,2.660000,-13.370000,5.250000
1.203590,-9.489935,1.198804,-5.530000,-16.170000,8.610000
1.679761,-10.155140,1.576870,-10.430000,-14.630000,9.800000
1.627119,-10.207782,1.663012,-8.120000,-9.030000,8.260000
1.280160,-10.135997,1.478764,-4.410000,-4.900000,5.810000
1.076770,-10.006784,1.301696,-2.310000,-3.990000,4.200000
0.863809,-9.729217,1.232304,-0.140000,-3.710000,3.150000
0.406780,-9.848858,1.222732,2.450000,-4.550000,2.870000
0.119641,-9.451650,1.110270,4.550000,-8.400000,5.250000
0.445065,-9.090333,1.160519,3.500000,-10.430000,4.480000
0.720240,-9.097511,1.208375,-0.350000,-9.730000,0.910000
0.844666,-9.604790,1.430908,-3.360000,-7.910000,1.260000
0.847059,-9.973285,1.311267,-4.200000,-7.630000,3.990000
1.201197,-10.506885,1.261017,-2.660000,-8.890000,7.070000
1.251446,-10.210175,1.220340,0.210000,-7.280000,6.230000
0.787239,-9.724431,0.760918,0.770000,-2.240000,1.680000
0.035892,-9.784252,0.784846,-0.910000,-2.870000,-3.640000
0.277567,-9.384650,1.100698,-1.120000,-10.500000,-1.890000
0.332602,-8.860621,0.851845,-3.220000,-12.950000,-0.980000
0.466600,-9.477970,1.275374,-8.330000,-15.820000,-2.870000
0.404387,-9.729217,1.383051,-9.310000,-16.309999,0.280000
0.911665,-9.439686,1.734797,-9.380000,-17.780001,8.190000
2.062613,-9.111869,1.861616,-12.320000,-12.600000,8.820000
2.249253,-9.669396,2.112862,-17.430000,0.210000,-3.710000
1.371087,-10.930414,1.914258,-17.639999,12.600000,-13.790000
0.892523,-11.145767,1.454836,-9.660000,15.750000,-13.930000
0.411566,-10.569098,1.050449,-2.310000,11.970000,-9.870000
-3.469593,-7.171289,2.110470,2.450000,8.190000,-1.750000
0.667598,-10.097712,0.930808,-2.030000,6.650000,-1.260000
0.605384,-10.174281,0.677169,-2.730000,4.970000,1.960000
0.777667,-10.351351,0.466600,-0.490000,3.640000,4.200000
1.064806,-10.224532,0.057428,0.210000,1.820000,6.370000
1.083949,-9.736395,0.569492,-4.410000,-5.810000,6.300000
1.083949,-9.736395,0.569492,-4.200000,-6.300000,5.390000
1.083949,-9.736395,0.569492,-4.200000,-6.300000,5.390000
1.682154,-10.047462,1.007378,-1.050000,-4.760000,-0.700000
1.866402,-10.872985,1.373480,5.670000,0.210000,-5.670000
1.454836,-10.430314,0.985843,17.990000,4.830000,-4.270000
1.454836,-10.430314,0.985843,18.830000,5.320000,-4.620000
1.529014,-10.418350,1.189233,15.260000,2.520000,-5.250000
1.679761,-10.674382,1.246661,8.750000,4.550000,-0.420000
1.502693,-10.167104,1.153341,7.280000,5.670000,3.500000
1.789831,-10.636096,0.952343,6.160000,7.490000,2.800000
1.332802,-10.389636,1.045663,7.700000,10.570000,-0.770000
0.990629,-10.021141,1.124627,9.240000,11.900000,2.590000
-0.500100,-8.630912,0.681954,7.910000,10.010000,5.530000
-0.758525,-8.228917,0.866202,-1.050000,-2.450000,11.900000
0.468993,-7.972885,1.373480,-11.480000,-15.470000,15.610000
1.225125,-8.578269,1.892723,-18.410000,-15.610000,10.500000
1.217947,-9.298509,2.014757,-17.920000,-6.510000,1.610000
1.115055,-9.844072,1.799403,-12.250000,1.820000,-4.270000
0.909273,-10.356135,1.730011,-4.340000,7.770000,-6.300000
0.784846,-10.542776,1.505085,9.100000,11.620000,-3.080000
0.703490,-10.482956,1.318445,14.630000,11.830000,-1.400000
0.311067,-9.645468,0.995414,14.420000,8.470000,1.680000
0.090927,-8.688338,0.789631,4.270000,0.630000,3.360000
-0.023928,-8.080563,0.933201,-12.880000,-5.740000,2.660000
0.102891,-8.707481,1.536192,-24.080000,-10.640000,4.900000
0.574277,-8.982656,1.904687,-27.020000,-9.240000,3.710000
0.906880,-9.190832,1.871187,-25.059999,-5.670000,-0.700000
0.847059,-9.865608,1.737189,-21.139999,-1.330000,-4.200000
0.696311,-10.363315,1.450050,-14.630000,0.770000,-3.360000
0.923629,-10.779665,1.086342,-3.500000,3.080000,-1.190000
0.923629,-10.779665,1.086342,0.210000,3.780000,-1.330000
0.421137,-9.678967,0.535992,2.520000,1.680000,1.470000
0.844666,-9.583255,0.770489,-3.920000,-3.570000,2.590000
0.909273,-9.693325,0.777667,-7.700000,-2.730000,1.820000
0.583849,-9.702895,0.806381,-8.400000,-0.420000,-0.280000
0.636491,-9.791430,0.928415,-7.700000,-0.770000,0.350000
0.746561,-9.743573,0.959522,-5.390000,-0.630000,1.680000
0.890130,-9.710074,1.000200,-3.360000,-0.070000,1.400000
0.894916,-9.781858,1.071985,-2.170000,1.050000,0.700000
0.739382,-9.710074,0.861416,-1.050000,1.610000,-0.770000
0.562313,-9.516255,0.674776,-1.890000,0.280000,-0.770000
0.516850,-9.540184,0.648455,-4.830000,-2.450000,-0.770000
0.648455,-9.667004,0.672383,-7.490000,-4.130000,-1.190000
0.780060,-9.860823,0.839881,-8.820000,-4.340000,-1.190000
0.748954,-9.877571,0.861416,-8.750000,-3.710000,0.420000
0.971486,-9.915856,0.988236,-7.420000,-3.640000,1.330000
0.976272,-9.568897,0.423530,-6.860000,-2.030000,0.420000
0.763310,-10.011569,0.660419,-8.260000,-3.710000,0.490000
0.813560,-10.279566,0.789631,-6.020000,-3.220000,4.760000
0.906880,-10.095319,0.782453,-2.170000,-3.010000,6.300000
1.107877,-9.982857,1.050449,1.330000,-0.070000,5.880000
0.988236,-9.844072,0.993021,4.060000,3.080000,3.570000
0.844666,-9.602397,0.739382,4.690000,6.020000,2.590000
