-3.352344,-9.229117,-0.952343,10.080000,11.270000,-2.240000
-3.383451,-9.729217,-0.796810,3.500000,3.570000,-3.290000
-3.383451,-9.729217,-0.811167,1.050000,-1.750000,-1.330000
-3.153740,-9.662218,-0.863809,1.960000,0.070000,0.140000
-3.218346,-9.705289,-0.942772,1.680000,2.100000,0.910000
-3.359523,-9.714860,-1.016950,-0.350000,0.700000,1.540000
-3.285345,-9.772287,-1.019342,-2.170000,-2.590000,0.840000
-3.184847,-9.851252,-0.918844,-2.660000,-3.920000,0.700000
-3.103491,-9.908678,-0.847059,-2.240000,-3.010000,1.470000
-3.151347,-10.016356,-0.782453,0.280000,-0.840000,2.100000
-3.156133,-9.968499,-0.655633,3.640000,-0.210000,2.940000
-3.163311,-9.772287,-0.658026,5.600000,-1.610000,3.150000
-3.211168,-9.564112,-0.579063,5.250000,-2.730000,3.010000
-3.189633,-9.497113,-0.531207,0.420000,-3.290000,3.710000
-3.160919,-9.461221,-0.591027,-1.750000,-2.870000,4.200000
-3.101098,-9.422935,-0.600598,-6.370000,-2.170000,4.130000
-3.086741,-9.468399,-0.602991,-11.830000,-1.050000,3.500000
-3.113062,-9.580862,-0.622134,-13.300000,0.210000,3.850000
-3.144169,-9.829715,-0.818345,-11.200000,1.120000,5.040000
-3.136991,-10.011569,-0.689133,-4.760000,2.520000,6.440000
-3.146562,-9.879964,-0.653241,4.060000,3.430000,6.160000
-3.247060,-9.592826,-0.624527,10.570000,3.710000,5.390000
-3.412165,-9.312866,-0.614955,10.150000,1.260000,4.760000
-3.479164,-9.157332,-0.641276,3.640000,-1.330000,4.970000
-3.412165,-9.154939,-0.653241,-5.530000,-3.360000,5.740000
-3.199204,-9.341579,-0.684347,-12.880000,-3.500000,6.510000
-3.101098,-9.671788,-0.653241,-15.260000,-2.240000,7.560000
-3.125026,-9.858429,-0.708275,-12.670000,-1.190000,7.840000
-3.127419,-9.777073,-0.636491,-6.160000,-0.140000,7.140000
-3.144169,-9.537791,-0.598206,2.310000,0.630000,8.890000
-3.151347,-9.157332,-0.567099,4.550000,1.190000,9.380000
-3.182454,-8.913264,-0.526421,4.200000,1.960000,9.520000
-3.211168,-8.690732,-0.502493,-0.280000,2.590000,9.800000
-3.280560,-8.618947,-0.552742,-7.350000,3.080000,9.520000
-3.268596,-8.657232,-0.528814,-13.580000,3.290000,9.310000
-3.141776,-8.836694,-0.626920,-17.570000,3.920000,9.240000
-3.139383,-8.913264,-0.555135,-19.809999,5.180000,9.660000
-3.170490,-9.336794,-0.614955,-17.500000,7.070000,11.480000
-3.031706,-9.540184,-0.624527,-11.340000,8.470000,16.100000
-2.873780,-9.403792,-0.514457,-1.330000,10.710000,20.790001
-2.809174,-9.327222,-0.193819,11.270000,14.280000,24.639999
-2.653640,-8.628519,-0.315853,20.020000,17.850000,30.240000
-2.699104,-7.757531,-0.363709,20.230000,23.730000,34.580002
-2.603391,-7.104291,-0.411566,9.380000,26.040001,35.770000
-2.653640,-6.594619,-0.634098,-9.730000,28.000000,37.099998
-2.744568,-6.190232,-0.619741,-30.730000,29.610001,39.619999
-2.804388,-5.644669,-0.894916,-43.750000,28.420000,45.990002
-2.742175,-5.134997,-1.165305,-50.750000,27.299999,49.700001
-2.634498,-4.448257,-1.526621,-54.110001,26.110001,55.090000
-2.713461,-3.218346,-1.708475,-45.430000,26.040001,61.529999
-2.660819,-2.316252,-1.452443,-26.460001,26.320000,68.599998
-1.136591,-0.155533,-0.177069,-5.950000,25.760000,74.129997
-1.136591,-0.155533,-0.177069,16.170000,21.139999,72.660004
1.940579,5.572884,1.038485,43.470001,20.719999,57.260002
2.246860,9.516255,0.430708,44.730000,23.240000,29.120001
2.531606,13.670196,1.026521,25.340000,35.070000,0.210000
2.636890,15.031711,0.806381,-13.860000,45.080002,-18.549999
2.462214,14.266008,0.241675,-78.820000,49.980000,-13.440001
3.266203,13.698910,0.801596,-139.160004,43.049999,-0.070000
3.986443,11.487941,1.323231,-154.419998,27.860001,-9.520000
4.180261,10.040283,1.581656,-137.059998,11.830000,-39.410000
4.350152,8.633304,1.225125,-98.349998,2.870000,-81.760002
3.893122,6.429514,0.626920,-57.820000,7.840000,-126.000000
3.151347,3.165704,-0.239282,-37.660000,17.010000,-173.740005
2.450250,-2.234896,-0.550349,-29.820000,22.330000,-180.949997
2.038685,-7.362715,-0.117248,-17.570000,21.000000,-184.729996
1.763510,-13.529020,0.043071,18.549999,18.059999,-188.089996
1.277767,-19.673786,-1.512264,75.599998,11.970000,-204.470001
0.648455,-23.490339,-2.175076,94.570000,4.200000,-220.290009
0.464208,-27.345179,-2.892922,108.849998,-13.230000,-229.529999
1.158126,-31.465618,-2.610569,79.940002,-32.549999,-209.020004
1.612763,-33.028130,-1.849652,43.540001,-42.840000,-167.860001
0.830309,-34.310684,-0.672383,33.250000,-33.040001,-129.500000
-0.224925,-34.253258,-0.799203,51.520000,-9.520000,-106.470001
-1.768296,-33.322449,-0.914058,94.709999,8.400000,-106.190002
-3.445665,-31.535009,-1.251446,144.410004,11.690000,-109.760002
-4.656433,-28.474590,-1.964507,177.240005,11.690000,-98.070000
-5.134997,-24.593431,-2.632105,172.199997,-11.060000,-79.449997
-4.981857,-20.874983,-2.964707,130.410004,-16.799999,-66.220001
-4.417150,-20.391632,-3.306881,31.500000,-16.730000,-40.810001
-3.940979,-21.444477,-3.287738,-16.379999,-6.860000,-15.190001
-4.716253,-24.485756,-2.885744,-44.240002,-4.340000,4.760000
-5.024928,-25.811378,-3.802195,-53.619999,-9.520000,16.240000
-3.895515,-23.358734,-3.696911,-27.510000,-8.260000,20.090000
-2.904887,-19.640289,-3.373880,32.970001,3.710000,18.549999
-2.825923,-16.197016,-3.560520,75.949997,17.500000,14.560000
-2.799603,-13.189239,-3.708875,77.349998,23.379999,10.360000
-2.636890,-10.923235,-2.871387,53.130001,18.969999,9.520000
-1.840081,-8.841480,-2.313859,17.990000,14.350000,17.780001
-0.648455,-7.412964,-2.165504,-15.680000,11.060000,30.309999
0.576670,-7.688138,-1.950150,-38.009998,10.080000,39.340000
1.308874,-9.085547,-1.471586,-47.040001,9.800000,45.920002
1.497907,-8.982656,-0.849452,-21.490000,7.700000,45.709999
1.179662,-8.293523,-0.382852,26.740000,3.850000,31.430000
0.602991,-7.609176,-0.634098,70.000000,-1.890000,12.460000
0.184247,-6.396015,-0.485743,86.099998,-7.770000,-0.350000
0.155533,-5.393422,-0.215354,76.300003,-8.400000,-6.370000
0.485743,-5.149354,0.040678,42.910000,-2.030000,-8.190000
0.725025,-5.448457,-0.004786,-2.030000,6.650000,-6.020000
0.631705,-6.606583,-0.196211,-42.209999,12.110000,2.030000
0.382852,-8.327023,-0.124427,-60.619999,12.600000,12.600000
0.234497,-9.717253,0.028714,-53.689999,10.920000,16.730000
0.169890,-9.946963,0.114855,-27.719999,9.100000,9.940000
0.031107,-9.798609,-0.306281,9.730000,5.670000,-3.010000
-0.868595,-9.128618,-0.765703,38.220001,-0.210000,-11.200000
-1.205983,-8.456236,-0.978664,51.170002,-10.430000,-13.020000
-1.150948,-8.561519,-0.825524,45.500000,-13.650000,-12.320000
-0.796810,-9.212367,-0.595813,30.870001,-13.020000,-8.050000
-0.421137,-9.980463,-0.435494,17.150000,-10.780000,-1.120000
-0.208176,-10.813165,-0.153141,11.340000,-9.940000,3.150000
-0.203390,-11.315658,0.110070,16.379999,-11.830000,2.870000
-0.378066,-11.406586,0.260818,29.680000,-14.700000,-0.840000
-0.490529,-10.906486,0.346959,42.490002,-16.379999,-6.090000
-0.428315,-10.279566,0.169890,45.849998,-17.010000,-10.990000
-0.191426,-9.925428,0.059821,33.950001,-15.820000,-13.790000
0.014357,-10.047462,0.373280,8.960000,-11.480000,-11.970000
0.095713,-10.607382,0.665205,-17.990000,-4.480000,-5.180000
0.088534,-10.971091,0.660419,-37.380001,4.340000,3.010000
-0.002393,-11.217552,0.626920,-30.030001,5.950000,2.380000
-0.155533,-11.557333,0.555135,-13.790000,4.340000,0.840000
-0.349352,-11.361122,0.555135,3.430000,2.450000,-0.420000
-0.495314,-10.882557,0.485743,17.430000,0.770000,-2.170000
-0.540778,-10.389636,0.246461,23.730000,-0.770000,-2.660000
-0.509671,-9.848858,0.110070,24.080000,-2.520000,-1.470000
-0.356531,-9.422935,0.055035,20.160000,-4.970000,0.280000
-0.189033,-9.064013,0.033500,12.530000,-6.720000,0.980000
-0.181855,-8.870193,0.232104,3.430000,-6.090000,0.980000
-0.401994,-9.006584,0.308674,-3.920000,-3.500000,2.660000
-0.497707,-9.329616,0.339781,-7.490000,-0.280000,5.320000
-0.488136,-9.908678,0.428315,-7.630000,0.910000,6.160000
-0.488136,-10.033106,0.440279,-0.140000,-0.910000,5.250000
-0.445065,-9.887143,0.303888,7.630000,-3.850000,3.290000
-0.416351,-9.789038,0.244068,16.660000,-7.070000,1.330000
-0.370888,-9.499505,0.265603,21.559999,-9.030000,0.770000
-0.356531,-9.284152,0.370888,21.770000,-8.890000,0.910000
-0.392423,-9.188439,0.490529,17.080000,-7.070000,0.840000
-0.512064,-9.255438,0.593420,10.010000,-5.180000,1.610000
-0.543171,-9.597611,0.751346,3.990000,-4.200000,3.780000
-0.547956,-9.817751,0.720240,0.490000,-4.550000,5.460000
-0.449851,-9.944571,0.744168,0.140000,-5.670000,4.900000
-0.282353,-9.978070,0.796810,1.120000,-6.580000,2.590000
-0.181855,-9.853643,0.732204,0.490000,-6.440000,0.420000
-0.124427,-9.736395,0.650848,-1.890000,-5.180000,-0.630000
-0.153141,-9.592826,0.729811,-8.680000,-0.210000,-1.190000
-0.236889,-9.516255,0.844666,-13.300000,3.430000,-2.170000
-0.428315,-9.920642,0.780060,-15.890000,5.950000,-1.120000
-0.591027,-10.236496,0.593420,-12.950000,6.090000,0.910000
-0.658026,-10.700702,0.543171,-0.770000,5.250000,2.380000
-0.653241,-10.944772,0.571885,15.680000,3.150000,1.890000
-0.658026,-10.798808,0.588634,33.529999,0.700000,-1.470000
-0.667598,-10.387242,0.452243,46.549999,-2.520000,-4.900000
-0.653241,-9.894321,0.473779,49.490002,-4.410000,-6.300000
-0.614955,-9.437292,0.480957,41.930000,-4.690000,-5.880000
-0.483350,-9.068797,0.643669,25.760000,-2.660000,-4.760000
-0.832702,-9.044869,0.404387,8.120000,4.900000,-2.030000
-0.662812,-9.394222,0.552742,-23.450001,5.180000,-4.200000
-1.138984,-9.628718,0.244068,-32.900002,6.160000,-4.200000
-1.596013,-9.963714,0.284746,-33.740002,-2.310000,-6.300000
1.395016,-11.533404,0.110070,-27.580000,-6.510000,-7.910000
-0.069392,-11.243874,1.526621,-8.680000,0.070000,2.380000
-1.213161,-9.576077,-0.911665,9.660000,15.260000,26.670000
-1.213161,-9.044869,0.763310,6.090000,-5.460000,12.600000
-0.775275,-9.439686,0.598206,-3.080000,-3.850000,-2.660000
-0.026321,-10.124033,1.124627,1.750000,-9.870000,0.560000
0.179462,-9.487542,0.890130,11.620000,4.200000,3.710000
-0.162712,-8.992228,0.837488,13.160000,4.200000,2.450000
-0.777667,-8.982656,0.684347,-1.400000,3.500000,4.060000
-1.445265,-9.133404,0.792024,-10.920000,-5.600000,5.810000
-1.852045,-9.262616,0.768096,-12.460000,-6.580000,2.660000
-1.596013,-9.786645,0.854238,-14.560000,-8.890000,0.280000
-0.835095,-10.052249,0.638884,-10.010000,-5.530000,-0.840000
-0.071785,-10.231709,0.344566,-5.740000,-5.250000,-6.720000
0.059821,-10.375278,0.423530,-0.490000,-0.070000,-12.530000
-0.354138,-10.750952,0.485743,7.630000,3.430000,-4.900000
-0.217747,-11.138590,0.390030,14.980000,1.470000,14.770000
0.641276,-9.851252,0.993021,27.510000,4.410000,12.320000
0.373280,-9.992428,1.050449,28.350000,10.430000,5.810000
0.373280,-9.992428,1.050449,29.049999,17.360001,-0.770000
0.148355,-10.638489,1.670190,32.480000,23.940001,-17.920000
-1.342373,-7.575676,1.138984,35.070000,28.770000,-35.840000
-2.088934,-9.700503,-0.789631,-3.430000,-19.460001,-57.889999
-2.043471,-10.707881,1.569692,-18.690001,-46.480000,-23.660000
-0.418744,-9.791430,1.138984,-24.639999,-27.719999,12.950000
0.693919,-9.779467,0.945165,-22.190001,3.780000,17.920000
0.562313,-9.525827,0.787239,-25.900000,20.790001,2.660000
-0.514457,-10.365707,0.392423,-21.350000,21.420000,-8.330000
-1.277767,-10.418350,0.332602,-13.370000,3.430000,-4.690000
-1.088734,-10.320245,0.811167,-3.360000,-11.410000,0.980000
-0.248854,-10.088140,0.744168,4.340000,-13.580000,2.590000
0.174676,-10.167104,0.854238,9.800000,-8.890000,1.190000
0.162712,-9.982857,0.629312,14.000000,-0.560000,0.490000
-0.227318,-9.860823,0.662812,17.430000,1.400000,0.070000
-0.447458,-9.633504,0.739382,16.940001,0.420000,0.070000
-0.392423,-9.568897,0.825524,10.290000,-2.520000,0.700000
-0.315853,-9.609575,0.844666,5.110000,-1.750000,1.330000
-0.253639,-9.554541,0.748954,0.490000,-0.490000,0.840000
-0.358923,-9.561719,0.808774,-2.660000,1.050000,0.840000
-0.435494,-9.657433,0.813560,-4.620000,0.980000,0.140000
-0.344566,-9.863215,0.794417,-5.880000,0.140000,0.840000
-0.220140,-9.951750,0.727418,-5.740000,-1.050000,0.910000
-0.148355,-9.925428,0.748954,-3.080000,-1.120000,0.280000
-0.200997,-10.018748,0.811167,0.350000,-0.490000,-0.210000
-0.291924,-10.138390,0.799203,3.850000,0.280000,0.490000
-0.315853,-10.047462,0.897308,8.050000,0.490000,1.330000
-0.289532,-9.841680,0.880559,10.570000,0.350000,1.050000
-0.260818,-9.657433,0.854238,11.200000,0.280000,-0.980000
-0.311067,-9.521042,0.825524,7.980000,1.050000,-1.680000
-0.311067,-9.552148,0.768096,2.030000,2.170000,-1.680000
-0.423530,-9.573684,0.801596,-4.690000,3.010000,-1.120000
-0.385244,-9.690931,0.667598,-8.750000,3.360000,-0.560000
-0.375673,-9.946963,0.746561,-10.500000,2.730000,-0.420000
-0.330210,-10.057034,0.825524,-10.010000,2.030000,-0.420000
-0.320638,-10.001998,0.808774,-7.000000,1.890000,0.210000
-0.354138,-10.052249,0.727418,-2.100000,1.890000,-0.210000
-0.303888,-9.982857,0.763310,2.030000,2.100000,-0.280000
-0.287139,-9.863215,0.784846,5.880000,2.240000,-0.140000
-0.397209,-9.726824,0.693919,6.300000,2.380000,-0.070000
-0.461815,-9.659825,0.636491,5.320000,1.960000,-0.070000
-0.212961,-10.100104,0.428315,7.490000,4.970000,1.680000
-0.473779,-10.021141,0.351745,15.330000,6.650000,0.420000
-0.605384,-9.760324,0.421137,20.090000,6.650000,-2.590000
-0.782453,-9.482756,0.454636,16.309999,1.610000,-3.500000
-0.533599,-9.475577,0.485743,8.470000,-3.010000,0.420000
-0.227318,-9.286544,0.653241,-0.140000,-4.060000,3.360000
-0.208176,-9.394222,0.823131,-7.560000,-2.450000,0.630000
-0.253639,-9.702895,1.110270,-10.570000,-2.100000,-2.100000
-0.378066,-9.803394,0.993021,-7.840000,-4.060000,-2.590000
-0.701097,-9.712467,0.588634,-3.010000,-8.260000,-3.780000
-0.045464,-10.025927,0.851845,-2.870000,-7.000000,-1.330000
