-9.669396,-0.071785,1.294517,9.870000,-2.100000,6.440000
-9.186047,0.009571,0.557528,12.670000,2.380000,10.360000
-9.454042,-0.038285,0.521635,6.790000,3.780000,9.940000
-10.195816,-0.263210,1.081556,1.330000,10.010000,17.500000
-9.985250,0.236889,0.756132,3.640000,9.940000,24.150000
-9.296116,0.138784,0.732204,5.250000,7.490000,19.040001
-9.198010,-0.026321,0.681954,2.100000,5.950000,12.250000
-9.255438,-0.076570,0.780060,-1.120000,4.620000,5.740000
-9.387043,-0.155533,0.763310,-2.240000,3.080000,-1.260000
-9.365508,-0.133998,0.741775,-4.480000,1.120000,-9.730000
-9.525827,-0.205783,0.811167,-7.070000,0.490000,-16.799999
-9.927821,-0.289532,1.016950,-6.580000,0.840000,-16.940001
-10.308280,-0.337388,1.055235,-3.570000,3.850000,-10.640000
-10.418350,-0.387637,0.899701,-2.100000,3.920000,-3.290000
-9.868000,-0.430708,0.803988,-3.150000,2.940000,1.470000
-9.736395,-0.433101,0.796810,-3.640000,2.870000,1.470000
-9.879964,-0.397209,0.890130,-4.550000,2.730000,-0.980000
-9.879964,-0.461815,0.646062,-3.290000,3.500000,-0.770000
-9.839286,-0.423530,0.605384,-4.620000,2.590000,-2.870000
-10.135997,-0.610170,0.784846,-7.000000,2.170000,-5.530000
-10.370493,-0.626920,0.902094,-7.280000,3.360000,-4.270000
-10.425529,-0.660419,0.914058,-5.250000,3.290000,-0.770000
-10.289137,-0.579063,0.940379,-3.290000,2.030000,3.360000
-10.080962,-0.629312,1.033699,-0.420000,-0.490000,6.020000
-9.868000,-0.478565,0.937986,3.640000,-2.870000,7.210000
-9.647861,-0.378066,0.720240,7.070000,-5.250000,5.530000
-9.609575,-0.177069,0.478565,7.770000,-5.810000,2.800000
-9.753145,-0.136391,0.495314,5.810000,-6.720000,-1.820000
-10.011569,-0.102891,0.559920,2.870000,-6.020000,-2.730000
-10.076177,-0.148355,0.684347,2.590000,-4.200000,1.400000
-10.167104,-0.215354,0.708275,3.080000,-2.520000,5.670000
-10.078569,-0.189033,0.662812,2.310000,-0.840000,9.310000
-9.975677,-0.098106,0.634098,2.240000,-1.820000,10.360000
-9.774680,-0.107677,0.698704,2.870000,-3.920000,9.380000
-9.631111,-0.155533,0.689133,2.520000,-4.270000,8.610000
-9.506684,-0.038285,0.768096,1.400000,-3.990000,6.020000
-9.535398,-0.110070,0.753739,-1.050000,-3.010000,3.710000
-9.573684,-0.189033,0.928415,-3.220000,-2.030000,2.730000
-9.645468,-0.267996,1.009771,-3.220000,-2.030000,2.800000
-9.868000,-0.277567,1.153341,-2.590000,1.120000,3.360000
-9.791430,-0.361316,1.074377,-1.680000,2.030000,6.790000
-9.607183,-0.349352,1.057628,0.280000,0.560000,8.400000
-9.454042,-0.370888,1.052842,0.140000,-0.490000,6.930000
-9.329616,-0.368495,1.038485,-0.420000,-0.140000,5.320000
-9.238688,-0.241675,1.021735,-0.630000,0.770000,3.150000
-9.291330,-0.203390,0.993021,-0.770000,1.890000,0.630000
-9.444471,-0.114855,0.918844,-0.070000,3.010000,-1.190000
-9.590433,-0.088534,0.839881,0.560000,2.870000,-2.170000
-9.734003,0.016750,0.823131,0.210000,2.520000,-1.750000
-9.798609,0.078963,0.794417,0.350000,2.800000,0.210000
-9.719646,0.095713,0.696311,1.470000,2.660000,3.010000
-9.540184,0.136391,0.684347,1.680000,1.260000,3.780000
-9.535398,0.019143,0.744168,1.680000,0.350000,2.170000
-9.662218,-0.102891,0.906880,-1.120000,-0.210000,-0.980000
-9.865608,-0.098106,0.851845,-0.560000,1.190000,-0.490000
-9.891929,-0.131605,0.823131,-0.910000,0.560000,0.560000
-9.846465,-0.081356,0.818345,-1.540000,-0.840000,1.330000
-9.674182,-0.050249,0.887737,-0.210000,-3.080000,1.330000
-9.449257,0.009571,0.882952,1.400000,-4.550000,-0.070000
-9.425328,0.026321,0.894916,2.380000,-5.040000,-2.590000
-9.470792,0.062213,0.923629,2.870000,-3.850000,-3.430000
-9.556933,0.138784,0.818345,2.660000,-1.680000,-2.450000
-9.731609,0.155533,0.705883,0.910000,0.070000,-1.190000
-9.853643,0.086142,0.746561,-1.470000,1.820000,1.610000
-9.590433,-0.071785,0.957129,-3.500000,2.310000,3.920000
-9.497113,-0.035892,1.141376,-3.430000,2.450000,3.850000
-9.480364,0.014357,0.993021,-0.210000,3.150000,4.200000
-9.466006,0.007178,0.808774,1.400000,2.310000,2.170000
-9.542577,0.062213,0.844666,0.630000,0.770000,-0.560000
-9.540184,0.050249,0.885344,1.190000,0.490000,-0.910000
-9.585647,0.045464,0.870987,2.170000,1.960000,-0.840000
-9.588040,-0.021535,0.710668,2.100000,5.180000,-0.280000
-9.662218,0.019143,0.705883,1.050000,7.700000,-0.210000
-9.817751,-0.035892,0.655633,-0.630000,10.080000,-0.210000
-9.796216,-0.057428,0.672383,-0.980000,10.500000,0.280000
-9.820145,-0.100499,0.655633,-1.050000,8.960000,-0.840000
-9.932607,-0.083749,0.648455,-0.490000,5.950000,-2.240000
-9.963714,-0.105284,0.686740,0.840000,2.310000,-2.730000
-9.827322,-0.086142,0.648455,2.730000,-0.840000,-1.400000
-9.734003,-0.004786,0.607777,4.130000,-2.170000,-0.910000
-9.635897,0.055035,0.538385,4.620000,-1.680000,-0.980000
-9.585647,0.200997,0.478565,4.410000,-1.610000,-1.750000
-9.631111,0.251246,0.485743,3.990000,-2.380000,-3.500000
-9.717253,0.227318,0.428315,2.800000,-2.030000,-3.640000
-9.765109,0.205783,0.526421,1.470000,-0.630000,-1.680000
-9.633504,0.129212,0.521635,-0.140000,0.560000,-1.680000
-9.537791,0.124427,0.538385,-3.150000,2.310000,-0.560000
-9.669396,-0.016750,0.674776,-5.810000,3.850000,-2.310000
-9.927821,-0.220140,0.796810,-6.440000,4.690000,-1.680000
-10.061819,-0.327817,1.007378,-5.670000,4.270000,-0.140000
-10.128819,-0.404387,1.074377,-4.060000,2.730000,1.050000
-9.942179,-0.236889,0.993021,0.140000,-3.080000,1.400000
-9.779467,-0.165105,0.966700,2.800000,-6.930000,-0.560000
-9.655040,-0.157926,0.909273,3.990000,-9.100000,-2.380000
-9.549755,-0.114855,0.839881,4.060000,-7.840000,-2.450000
-9.544970,-0.095713,0.813560,2.450000,-5.180000,-2.240000
-9.638289,-0.184247,0.911665,2.450000,-1.400000,-1.750000
-9.777073,-0.222532,1.004985,-2.100000,2.380000,-0.630000
-9.944571,-0.303888,1.119841,-2.380000,5.670000,1.330000
-10.107283,-0.277567,1.002593,-1.190000,8.050000,5.250000
-10.095319,-0.198604,0.878166,0.350000,7.280000,7.000000
-10.109675,-0.186640,0.693919,2.100000,2.800000,5.740000
-9.970891,-0.050249,0.514457,3.640000,-3.150000,3.710000
-9.743573,-0.026321,0.567099,5.250000,-9.380000,0.980000
-9.566505,0.057428,0.617348,5.320000,-11.970000,-0.700000
-9.461221,0.119641,0.612563,4.900000,-10.500000,-1.540000
-9.418150,0.150748,0.514457,3.500000,-8.750000,-2.660000
-9.547362,0.167498,0.600598,0.350000,-6.020000,-2.240000
-9.530612,0.059821,0.837488,-1.540000,-2.450000,0.630000
-9.475577,0.062213,0.937986,-1.540000,1.820000,3.500000
-9.470792,-0.009571,0.882952,-2.730000,5.250000,4.480000
-9.413363,-0.071785,0.937986,-3.990000,7.140000,3.500000
-9.389436,-0.102891,1.050449,-3.500000,7.630000,1.400000
-9.430114,0.019143,0.997807,-2.660000,7.210000,-1.750000
-9.801002,-0.090927,1.071985,-1.400000,3.850000,-5.740000
-9.872787,-0.100499,1.095913,-0.700000,1.820000,-6.580000
-9.805787,-0.086142,1.141376,2.520000,-3.150000,-7.070000
-9.681360,0.038285,1.083949,4.900000,-4.340000,-5.950000
-9.559326,0.076570,1.115055,6.510000,-5.390000,-5.040000
-9.473185,0.083749,1.136591,7.980000,-4.060000,-3.150000
-9.353544,0.150748,0.997807,7.980000,0.700000,0.280000
-9.346365,0.114855,0.782453,6.440000,6.160000,2.380000
-9.561719,-0.047856,0.799203,3.080000,11.060000,2.870000
-9.762716,-0.208176,0.794417,0.700000,15.820000,3.780000
-9.879964,-0.308674,0.777667,-0.560000,18.059999,6.370000
-9.834501,-0.399601,0.894916,-2.170000,16.870001,6.930000
-9.734003,-0.485743,1.103091,-1.680000,13.090000,5.390000
-9.781858,-0.507278,1.081556,2.590000,6.510000,1.120000
-9.769895,-0.440279,0.830309,8.960000,-2.170000,-3.360000
-9.657433,-0.299103,0.526421,13.650000,-11.760000,-8.120000
-9.604790,-0.222532,0.382852,13.440001,-13.370000,-9.870000
-9.669396,-0.138784,0.294317,12.880000,-12.250000,-9.310000
-9.602397,-0.153141,0.177069,11.340000,-6.720000,-3.710000
-9.399008,0.021535,-0.102891,7.490000,-0.560000,1.260000
-9.363115,0.043071,-0.102891,3.080000,3.920000,2.870000
-9.399008,-0.055035,0.019143,-0.420000,6.650000,4.830000
-9.365508,-0.062213,-0.062213,-2.030000,8.260000,7.630000
-9.044869,-0.143569,-0.126820,-4.830000,10.570000,11.620000
-8.642875,-0.145962,-0.296710,-11.410000,15.400000,13.440001
-8.248059,-0.500100,0.366102,-17.080000,24.430000,17.010000
-6.175875,-0.813560,1.272982,-17.010000,44.170002,33.810001
-4.266403,-1.469193,1.828116,-16.730000,60.970001,64.680000
-2.079363,-2.237289,2.426322,-22.330000,85.540001,83.019997
-0.153141,-2.766103,3.383451,-16.870001,71.680000,73.010002
1.610370,-3.266203,4.058227,-1.610000,42.490002,50.049999
3.562913,-2.825923,3.940979,21.350000,16.799999,31.290001
5.824130,-2.026721,2.902494,41.090000,-3.220000,14.980000
7.496714,-0.942772,1.576870,48.720001,-24.150000,-9.940000
8.130811,-0.299103,0.935594,47.459999,-54.250000,-53.270000
8.532805,1.009771,-0.222532,49.209999,-72.029999,-80.919998
9.772287,2.170290,-1.091127,49.560001,-63.770000,-83.230003
9.930215,1.792224,-1.653440,30.450001,-23.520000,-76.790001
8.752945,-0.090927,0.605384,-8.190000,17.500000,-84.279999
5.690133,-1.849652,1.974079,-28.280001,50.400002,-110.040001
-0.397209,-4.993821,3.572484,-4.130000,24.780001,-196.490005
-7.077969,-4.780859,2.148755,38.639999,-18.410000,-239.540009
-12.425928,-4.883751,-0.313460,76.580002,-77.000000,-245.210007
-14.352149,-3.699304,-3.304488,80.500000,-104.720001,-223.649994
-14.388042,-3.790231,-5.206782,35.910000,-82.879997,-196.910004
-15.548560,-4.182654,-4.407579,-25.690001,-24.780001,-183.750000
-18.271593,-5.781059,-2.493321,-70.070000,32.689999,-166.880005
-21.473190,-7.278966,0.031107,-85.610001,58.590000,-158.899994
-24.528826,-9.257831,1.909473,-73.430000,22.610001,-165.479996
-25.782665,-10.588240,4.280759,-37.380001,-59.709999,-183.399994
-24.770498,-9.382257,4.984250,33.740002,-160.789993,-184.940002
-20.126030,-7.654640,3.481557,51.029999,-174.509995,-167.649994
-16.149158,-6.582655,3.074777,57.400002,-165.059998,-113.120003
-16.898113,-7.302894,2.596212,20.020000,-59.150002,-102.970001
-21.013769,-8.590233,3.148954,-11.620000,33.880001,-77.840004
-25.483562,-9.817751,2.988636,-21.070000,101.779999,-43.259998
-30.233313,-12.093326,2.356930,-16.940001,105.910004,-32.549999
-35.306099,-13.174881,2.895315,-5.810000,53.060001,-43.540001
-37.418961,-13.194024,1.892723,21.840000,-0.140000,-23.940001
-34.954353,-12.272788,-0.162712,38.009998,-33.040001,32.689999
-31.104301,-11.346765,-0.954736,27.650000,-38.849998,75.459999
-29.211576,-10.664811,-1.354338,3.430000,-10.710000,95.970001
-28.728230,-10.461421,-1.043271,-23.030001,25.900000,114.379997
-28.522444,-10.482956,-0.416351,-36.049999,55.090000,140.559998
-29.470003,-10.930414,-1.550549,-30.590000,73.220001,158.970001
-30.738199,-11.727223,-2.208575,-37.099998,53.200001,177.800003
-29.994032,-11.882757,-1.119841,-36.610001,16.030001,199.430008
-26.021946,-12.162716,-0.401994,-25.830000,-30.309999,223.229996
-19.570896,-11.411370,0.983450,-14.700000,-66.220001,234.639999
-12.777672,-10.088140,2.244468,1.330000,-73.010002,243.250000
-6.149554,-7.759924,2.890530,10.640000,-36.610001,260.959991
-1.404587,-5.627919,2.852244,3.010000,14.840000,263.200012
0.624527,-3.385844,3.857230,-8.750000,43.189999,234.990005
0.480957,-2.309074,3.723232,-7.070000,45.779999,201.180008
0.777667,-1.533799,3.390630,-3.220000,26.950001,166.529999
1.098306,-0.698704,3.077170,8.400000,-8.470000,119.419998
-1.268196,-2.132005,5.816952,9.870000,-35.980000,84.699997
0.780060,-0.179462,3.864408,37.939999,-43.959999,84.139999
5.702096,1.517050,0.370888,106.750000,-20.020000,140.559998
9.834501,3.448057,-2.069792,94.919998,13.370000,136.850006
10.425529,3.864408,-4.139583,51.310001,45.150002,91.559998
8.851050,2.536392,-2.208575,-29.049999,59.639999,39.200001
5.678168,1.241875,2.591427,-75.250000,47.880001,-12.460000
2.120041,1.136591,4.012764,-54.950001,31.080000,-44.660000
-0.492921,1.373480,1.605584,0.280000,-9.100000,-63.700001
-2.845066,1.875973,0.136391,27.650000,-47.180000,-78.120003
-3.072384,3.783052,-1.737189,29.469999,-35.840000,-57.470001
-0.777667,5.120641,-4.314260,17.150000,1.400000,-7.000000
0.641276,5.125426,-4.699504,-26.180000,41.580002,17.500000
-0.172283,4.007978,-3.462414,-72.309998,79.169998,10.290000
-2.409572,1.899901,-1.208375,-108.220001,94.500000,-21.280001
-4.929214,0.138784,0.971486,-97.160004,66.709999,-50.750000
-7.353144,-1.000200,2.725425,-59.570000,29.330000,-66.430000
-8.377272,-1.194018,2.517249,-20.580000,7.840000,-55.090000
-8.133204,-0.880559,1.215554,-1.960000,-6.580000,-45.570000
-8.032705,-0.794417,0.835095,-3.290000,-7.980000,-38.849998
-8.104490,-0.562313,1.026521,-5.460000,1.820000,-26.460001
-8.116454,-0.445065,0.543171,-4.970000,8.050000,-21.000000
-8.566305,-0.356531,-0.035892,-12.950000,10.360000,-23.940001
-9.154939,-0.772882,0.299103,-19.040001,9.800000,-25.270000
-9.798609,-1.330409,1.313660,-9.870000,-5.320000,-35.000000
-10.470992,-1.691726,1.380659,6.510000,-17.920000,-35.420002
-10.753345,-1.081556,0.732204,23.379999,-30.520000,-34.509998
-10.552348,-0.078963,-0.074178,35.349998,-36.400002,-25.200001
-9.913465,0.622134,-1.071985,35.279999,-28.770000,-13.370000
-9.276974,0.894916,-1.596013,20.370001,-9.100000,0.140000
-9.157332,0.234497,-1.141376,-3.430000,10.430000,7.420000
-9.580862,-0.490529,-0.043071,-19.600000,19.110001,4.620000
-10.772489,-1.349552,0.784846,-21.910000,13.930000,-6.160000
-11.676974,-1.550549,1.495514,-15.190001,-2.380000,-13.160000
-11.997612,-1.806581,1.287339,0.420000,-16.309999,-9.660000
-11.380265,-1.299303,1.038485,9.800000,-23.450001,1.120000
-10.389636,-0.969093,0.629312,18.059999,-28.490000,6.020000
-9.214760,-0.356531,0.270389,22.190001,-27.370001,10.500000
-8.874979,0.114855,-0.162712,19.600000,-19.320000,10.150000
-9.078369,0.284746,-0.342174,1.190000,-5.390000,15.750000
-9.219545,-0.011964,-0.200997,-12.950000,12.460000,19.040001
-9.492328,-0.504886,1.086342,-16.520000,6.370000,8.750000
-10.336994,-1.105484,1.600798,-7.280000,-3.710000,1.820000
-10.736595,-1.019342,1.576870,4.480000,-14.210000,-0.210000
-10.715059,-0.744168,0.933201,8.470000,-20.299999,0.280000
-10.607382,-0.457029,0.732204,8.400000,-20.510000,3.080000
-10.145569,-0.174676,0.672383,6.580000,-13.720000,10.430000
-9.121440,0.050249,0.488136,2.240000,-2.310000,16.660000
-8.721838,0.270389,0.602991,-6.230000,8.050000,12.250000
-9.202796,0.011964,0.890130,-14.420000,18.340000,12.740000
-9.523434,-0.256032,1.543371,-17.290001,20.440001,12.880000
-9.937392,-0.866202,2.065006,-10.780000,14.140000,9.730000
-10.241282,-0.770489,1.715654,4.900000,1.330000,2.030000
-10.238889,-0.425922,1.136591,11.270000,-1.960000,2.590000
-10.140782,-0.031107,0.528814,12.390000,-1.120000,5.670000
-10.011569,0.306281,0.256032,8.260000,1.330000,7.840000
-9.968499,0.423530,0.126820,3.640000,3.710000,8.820000
-9.533006,0.626920,0.251246,-2.450000,6.720000,11.130000
-9.073583,0.543171,0.004786,-6.020000,13.370000,14.770000
-8.999406,0.234497,0.136391,-13.650000,20.719999,14.770000
-9.174082,-0.212961,1.052842,-18.900000,17.990000,7.700000
-9.753145,-0.459422,1.359123,-9.240000,8.190000,-2.170000
-9.870394,-0.244068,0.978664,4.130000,-0.770000,-3.990000
-9.516255,0.114855,0.488136,9.100000,-4.830000,-2.030000
-9.028119,0.351745,0.483350,5.950000,-3.850000,1.540000
-8.779266,0.466600,0.301496,-1.470000,6.160000,1.890000
-8.944371,0.425922,0.150748,-9.170000,12.950000,1.470000
-9.540184,0.224925,0.428315,-16.030001,21.070000,4.690000
-9.992428,-0.045464,0.425922,-17.639999,24.010000,10.360000
-9.966106,-0.428315,0.892523,-15.050000,12.950000,4.970000
-10.085747,-0.638884,1.665405,0.420000,-4.200000,-6.090000
-10.243673,-0.514457,1.229911,17.430000,-14.420000,-8.890000
-9.868000,-0.069392,0.557528,22.190001,-16.799999,-7.560000
-9.698111,0.198604,-0.031107,16.799999,-12.740000,-7.420000
-9.853643,0.344566,-0.023928,6.860000,-2.730000,-2.730000
-10.001998,0.437887,0.038285,-1.680000,7.490000,4.620000
-9.963714,0.189033,0.397209,-6.510000,13.160000,10.080000
-9.956534,0.004786,0.729811,-8.120000,13.230000,11.480000
-9.805787,-0.351745,0.899701,-3.850000,9.240000,9.590000
-9.327222,-0.208176,0.971486,2.870000,1.890000,5.040000
-9.693325,-0.160319,0.538385,11.200000,-7.770000,-8.260000
-10.210175,-0.083749,0.390030,12.950000,-13.300000,-14.560000
-10.576276,0.047856,0.339781,12.180000,-12.530000,-11.200000
-10.430314,0.246461,0.177069,10.570000,-7.840000,-2.030000
-10.147961,0.351745,0.136391,8.680000,-5.040000,5.880000
-9.824929,0.478565,0.145962,6.090000,-2.520000,10.570000
-9.418150,0.473779,0.124427,3.290000,0.350000,13.370000
-8.781659,0.404387,0.098106,0.630000,5.530000,15.050000
-8.492127,0.313460,0.504886,-3.990000,8.470000,9.730000
-9.391829,-0.078963,0.698704,-4.550000,6.230000,-3.850000
-10.313066,-0.153141,0.942772,-2.940000,6.650000,-1.820000
-10.425529,-0.009571,0.935594,-0.490000,9.380000,8.610000
-10.042676,0.296710,0.610170,1.330000,9.240000,14.490000
-9.434900,0.442672,0.435494,-0.140000,9.100000,15.260000
-8.987441,0.533599,0.272782,0.210000,10.150000,12.460000
-8.882158,0.500100,0.064606,-0.910000,10.290000,5.530000
-8.999406,0.299103,0.160319,-3.710000,6.020000,-3.570000
-9.590433,0.150748,0.646062,0.140000,-1.960000,-13.790000
-10.272388,0.090927,0.483350,6.720000,-7.210000,-15.120000
-10.521241,0.227318,0.236889,9.800000,-11.410000,-12.040000
-10.334601,0.502493,0.035892,10.920000,-13.300000,-7.280000
-9.640682,0.827917,-0.394816,9.100000,-10.780000,-3.150000
-9.375079,0.748954,-0.241675,-0.420000,-3.710000,0.210000
-9.099905,0.579063,-0.057428,-6.090000,3.850000,3.080000
-9.176475,0.093320,0.155533,-10.290000,10.220000,2.940000
-9.485149,-0.009571,0.524028,-15.260000,16.940001,3.150000
-10.071390,-0.210568,0.787239,-13.160000,15.190001,0.140000
-10.212566,-0.404387,0.844666,-7.770000,10.010000,1.190000
-10.128819,-0.562313,1.294517,-3.570000,-1.750000,-2.940000
-10.131211,-0.591027,1.339981,6.790000,-14.350000,-10.010000
-9.846465,-0.155533,0.782453,16.799999,-21.629999,-11.760000
-9.501899,0.212961,0.260818,19.180000,-23.240000,-11.760000
-9.408579,0.466600,0.040678,13.790000,-17.710001,-10.640000
-9.573684,0.524028,-0.055035,6.300000,-8.120000,-7.700000
-9.791430,0.346959,0.059821,-2.660000,0.980000,-2.730000
-9.970891,0.220140,0.507278,-10.710000,11.760000,5.740000
-9.949356,0.112463,0.579063,-9.030000,15.680000,11.760000
-9.822537,0.110070,0.342174,-8.330000,14.840000,11.900000
-9.690931,-0.033500,0.349352,-8.820000,8.890000,6.510000
-9.872787,-0.119641,0.734596,-3.150000,-0.350000,-2.520000
-10.250853,-0.119641,0.535992,2.240000,-6.510000,-5.320000
-10.305886,0.112463,0.248854,3.010000,-8.960000,-3.080000
-10.179067,0.150748,0.375673,1.680000,-8.820000,-0.210000
-10.066606,0.200997,0.440279,1.190000,-6.090000,3.570000
-9.997212,0.327817,0.284746,0.070000,-1.260000,8.050000
-9.901501,0.418744,0.045464,-2.800000,1.610000,9.590000
-9.382257,0.124427,0.591027,-7.210000,5.390000,12.670000
-9.138189,0.040678,0.528814,-4.830000,7.700000,10.500000
-9.396614,0.055035,0.729811,-4.480000,3.990000,1.400000
-10.100104,0.055035,0.624527,-0.560000,-0.280000,-5.600000
-10.380065,0.148355,0.318245,2.520000,-1.890000,-3.220000
-10.269995,0.167498,0.330210,1.610000,-2.450000,1.190000
-9.939785,0.093320,0.485743,0.280000,-1.330000,5.320000
-9.765109,0.186640,0.500100,0.280000,0.910000,7.490000
-9.382257,0.210568,0.473779,-0.350000,2.800000,8.400000
-9.042477,0.239282,0.533599,-0.910000,5.110000,7.420000
-9.030513,0.366102,0.382852,-1.400000,9.170000,5.390000
-9.226725,0.358923,0.267996,-4.200000,13.510000,3.290000
-9.430114,0.394816,0.368495,-8.890000,17.219999,3.150000
-9.707682,0.392423,0.368495,-10.500000,18.900000,3.010000
-9.915856,0.272782,0.368495,-10.570000,17.990000,5.390000
-9.934999,0.265603,0.524028,-8.190000,13.370000,4.410000
-10.078569,0.145962,0.344566,-3.360000,7.280000,1.330000
-9.997212,0.172283,0.263210,-1.120000,1.540000,0.280000
-9.805787,0.198604,0.248854,1.190000,-1.120000,-0.840000
-9.631111,0.361316,0.071785,2.310000,-2.310000,-2.800000
-9.750752,0.327817,0.055035,1.260000,-4.900000,-6.510000
-9.896714,0.428315,0.220140,1.890000,-6.160000,-6.370000
-9.985250,0.375673,0.112463,2.100000,-4.620000,-2.450000
-9.853643,0.368495,0.107677,0.560000,-1.960000,1.190000
-9.894321,0.279960,0.023928,-2.590000,1.050000,3.570000
-9.956534,-0.014357,0.521635,-5.670000,3.710000,6.650000
-9.647861,0.155533,0.514457,-3.570000,3.640000,10.080000
-9.384650,0.248854,0.291924,2.590000,-0.210000,7.490000
-9.248260,0.375673,0.138784,3.080000,-1.260000,3.360000
-9.439686,0.559920,0.043071,1.890000,-0.700000,-0.210000
-9.583255,0.550349,0.035892,-0.140000,0.070000,-0.980000
-9.621540,0.490529,0.148355,-2.800000,1.820000,0.490000
-9.655040,0.464208,0.315853,-3.850000,3.430000,2.030000
-9.643075,0.382852,0.313460,-3.220000,4.620000,3.220000
-9.609575,0.337388,0.217747,-3.220000,5.880000,4.340000
-9.623933,0.370888,0.189033,-3.290000,4.760000,2.100000
-9.604790,0.296710,0.208176,-2.520000,1.960000,-1.190000
-9.755538,0.186640,0.385244,-1.470000,-3.990000,-7.630000
-10.171888,0.196211,0.413958,1.400000,-9.660000,-12.950000
-10.320245,0.186640,0.301496,5.320000,-13.160000,-9.730000
-10.025927,0.303888,0.244068,3.920000,-11.340000,-5.460000
-10.033106,0.203390,0.229711,0.700000,-5.880000,-1.960000
-10.064213,0.296710,0.287139,-1.960000,0.140000,3.920000
-9.966106,0.337388,0.212961,-3.570000,3.430000,8.120000
-9.765109,0.332602,0.232104,-6.230000,5.600000,8.890000
-9.628718,0.327817,0.361316,-6.720000,7.910000,8.330000
-9.597611,0.476172,0.301496,-5.530000,8.610000,5.880000
-9.762716,0.452243,0.217747,-5.880000,6.090000,2.030000
-9.884750,0.394816,0.442672,-5.040000,3.360000,1.120000
-9.683753,0.344566,0.528814,-2.380000,3.360000,1.120000
-9.623933,0.296710,0.370888,0.910000,-2.870000,-3.010000
-9.870394,0.445065,0.107677,2.870000,-3.080000,-2.800000
-9.832108,0.413958,0.112463,-0.700000,-0.350000,-0.350000
-9.803394,0.437887,0.189033,-4.060000,2.380000,1.610000
-9.793823,0.325424,0.241675,-4.760000,4.270000,2.240000
-9.803394,0.251246,0.126820,-5.040000,5.110000,2.660000
-9.726824,0.114855,0.251246,-6.230000,4.340000,1.750000
-9.832108,-0.023928,0.607777,-6.020000,1.610000,-0.700000
-9.968499,-0.081356,0.672383,-2.380000,-0.560000,-1.470000
-9.925428,-0.016750,0.634098,1.820000,-4.480000,-1.820000
-9.712467,0.155533,0.454636,5.740000,-8.610000,-1.960000
-9.712467,0.363709,0.241675,7.700000,-11.200000,-4.200000
-9.604790,0.579063,0.040678,8.120000,-11.340000,-4.270000
-9.614362,0.693919,-0.189033,7.420000,-10.920000,-4.690000
-9.533006,0.842274,-0.303888,2.310000,-6.930000,-2.940000
-9.420543,0.818345,-0.313460,-2.520000,-2.590000,-0.070000
-9.334401,0.629312,-0.078963,-7.420000,2.800000,2.030000
-9.413363,0.418744,0.200997,-10.220000,7.000000,3.710000
-9.482756,0.224925,0.466600,-9.800000,10.430000,7.210000
-9.375079,0.253639,0.421137,-7.560000,10.920000,7.840000
-9.310472,0.203390,0.313460,-6.370000,8.680000,5.670000
-9.116654,0.275175,0.461815,-4.690000,4.340000,1.050000
-9.162118,0.229711,0.576670,-0.210000,-0.560000,-4.690000
-9.248260,0.385244,0.440279,2.520000,-3.080000,-7.000000
-9.353544,0.387637,0.232104,2.520000,-3.080000,-6.440000
-9.293723,0.394816,0.313460,0.490000,-0.630000,-4.550000
-9.650253,0.320638,0.189033,-1.330000,2.870000,-4.130000
-9.860823,0.380459,0.179462,-2.520000,4.830000,-2.660000
-9.729217,0.358923,0.143569,-2.100000,4.410000,0.840000
-9.399008,0.301496,0.160319,-2.380000,2.730000,0.840000
-9.442079,0.162712,0.433101,-1.820000,-2.380000,-5.180000
-9.678967,0.098106,0.507278,3.010000,-8.260000,-10.920000
-9.803394,0.181855,0.205783,7.980000,-11.620000,-10.710000
-9.554541,0.287139,0.105284,10.150000,-14.910000,-7.980000
-9.288938,0.222532,-0.076570,11.690000,-15.680000,-4.970000
-9.231510,0.256032,-0.315853,11.970000,-13.650000,-1.960000
-9.032906,0.378066,-0.827917,9.730000,-6.860000,7.000000
-8.556733,0.466600,-1.194018,4.970000,2.100000,19.250000
-7.752745,0.631705,-1.765903,-1.960000,19.320000,36.610001
-6.735795,0.466600,-2.268396,-24.360001,40.529999,59.290001
-6.218946,-0.150748,-2.108077,-35.490002,54.529999,60.480000
-6.125626,-1.158126,-2.074577,-34.020000,40.599998,55.439999
-6.075377,-2.287539,-1.897508,-20.440001,-3.150000,42.070000
-5.508278,-3.055635,-1.239482,5.250000,-69.860001,23.590000
-3.984050,-2.749353,-0.574277,37.939999,-128.380005,19.950001
-0.727418,-0.937986,-1.119841,63.840000,-153.720001,42.700001
4.438686,1.150948,-2.000400,57.119999,-125.650002,86.099998
10.339387,2.751746,-2.500499,8.960000,-48.650002,129.080002
14.883357,3.084348,-1.249053,-55.090000,41.230000,138.389999
16.431513,2.443072,1.184447,-108.430000,112.139999,108.989998
14.833108,0.928415,4.120440,-128.380005,130.619995,45.990002
7.484749,-2.928815,9.934999,-114.379997,88.129997,-34.930000
4.991428,-2.060220,11.516656,-24.990000,-50.540001,-147.070007
4.560720,-0.045464,8.693125,66.919998,-123.340004,-181.580002
6.790830,2.268396,3.194418,116.410004,-145.110001,-179.619995
9.104690,2.813959,0.311067,94.849998,-122.500000,-187.529999
9.214760,1.165305,-0.937986,29.750000,-40.110001,-206.149994
5.335995,-2.203789,-0.770489,-37.380001,69.019997,-233.100006
-1.464408,-5.582455,-1.301696,-69.370003,166.460007,-256.760010
-8.276773,-9.147761,-3.110669,-74.059998,216.649994,-278.110016
-15.646667,-12.344571,-1.919044,-87.290001,174.300003,-332.779999
-22.882565,-16.383656,1.698904,-72.169998,53.340000,-413.420013
-25.651058,-18.266808,4.472186,-11.830000,-55.369999,-410.829987
-24.107689,-17.587246,2.854637,64.400002,-100.940002,-363.790009
-22.841887,-16.455442,-0.772882,93.239998,-99.190002,-331.170013
-24.224937,-16.424334,-1.505085,29.469999,-28.840000,-316.890015
-27.546173,-17.860029,-0.311067,-6.860000,57.400002,-258.860016
-30.553951,-18.455841,-0.535992,-16.660000,149.029999,-185.009995
-34.387253,-20.020746,-2.069792,-22.260000,174.369995,-161.910004
-40.697124,-21.985254,-1.940579,-17.500000,137.830002,-171.779999
-47.229538,-21.643080,-1.919044,15.890000,59.570000,-157.500000
-49.251469,-19.779072,-3.031706,58.869999,-24.990000,-89.669998
-45.336807,-16.943577,-5.190032,79.379997,-79.730003,-3.640000
-39.266220,-14.110476,-7.109076,66.220001,-92.820000,54.389999
-34.722248,-12.734602,-7.561320,24.010000,-79.660004,94.220001
-31.846075,-12.244074,-6.151947,-11.900000,-63.840000,131.880005
-26.835505,-14.467006,-1.335195,-30.520000,-63.700001,165.550003
-23.923441,-14.656039,0.318245,-17.780001,-92.330002,205.380005
-21.020948,-14.756538,0.435494,8.050000,-111.650002,221.410004
-18.396021,-14.031512,0.768096,17.990000,-119.489998,234.850006
-16.189838,-13.354343,1.237089,23.520000,-115.360001,241.149994
-14.079369,-12.722638,2.021935,21.210001,-90.650002,259.140015
-11.535798,-11.258230,2.163112,18.410000,-43.610001,288.820007
-9.927821,-9.956534,2.246860,8.470000,-0.560000,298.549988
-9.978070,-9.690931,3.046063,-3.990000,21.490000,282.940002
-10.001998,-9.810574,4.220939,-5.180000,19.740000,267.959991
-9.466006,-9.142976,4.917251,11.830000,-3.920000,251.580002
-8.635696,-7.453642,4.072584,48.439999,-46.759998,220.990005
-6.577869,-5.328816,2.476572,82.459999,-89.739998,199.570007
-3.378666,-3.488736,1.093520,98.629997,-112.770004,184.940002
0.612563,-1.576870,1.124627,87.639999,-81.620003,183.330002
3.766303,0.758525,0.691526,72.519997,-27.299999,179.479996
5.168497,2.218147,-0.282353,44.590000,29.330000,171.080002
4.977071,1.500300,-0.114855,5.950000,65.730003,154.139999
4.060620,0.236889,1.789831,-12.530000,69.019997,122.779999
3.175276,-1.086342,3.783052,-5.180000,52.779999,95.129997
2.981457,-1.981257,5.185246,23.590000,22.820000,64.260002
2.567499,-2.067399,5.565705,65.590004,-13.370000,31.290001
2.364109,-1.079163,4.433900,105.980003,-49.700001,1.260000
1.643869,0.624527,2.249253,130.479996,-67.690002,-16.240000
1.330409,3.388237,-1.210768,124.669998,-39.549999,4.270000
3.488736,5.656632,-5.979663,74.340004,13.930000,42.279999
3.988836,3.924229,-3.565305,-52.360001,105.980003,69.160004
2.275574,1.758725,-0.399601,-102.269997,147.559998,56.700001
-0.942772,-0.346959,1.794617,-105.769997,148.050003,25.620001
-3.967300,-1.686940,3.689733,-75.110001,99.190002,-12.880000
-5.690133,-1.124627,3.857230,-14.140000,33.389999,-40.250000
-5.867201,0.686740,1.093520,47.459999,-14.070000,-42.070000
-5.319244,2.801995,-1.741975,70.279999,-40.110001,-38.290001
-4.546363,4.039084,-2.852244,55.160000,-46.130001,-34.930000
-3.873980,4.417150,-2.878566,27.230000,-32.130001,-30.940001
-3.854837,4.448257,-3.361916,-5.600000,10.710000,-19.740000
-5.113462,3.304488,-3.249453,-47.950001,58.660000,-11.270000
-6.905686,1.497907,-1.205983,-93.099998,97.580002,-3.290000
-8.338986,-0.011964,1.473979,-110.739998,108.290001,-2.380000
-10.054641,-1.138984,3.414558,-66.360001,55.650002,-33.040001
-11.267801,-1.004985,3.682554,-14.210000,11.480000,-41.160000
-11.188839,0.086142,1.926222,24.010000,-14.770000,-35.209999
-10.365707,1.229911,-0.272782,30.170000,-26.250000,-30.730000
-9.611969,1.942972,-1.194018,16.590000,-24.010000,-28.000000
-8.963513,2.175076,-1.490728,-2.380000,-8.890000,-24.570000
-8.937192,2.021935,-1.141376,-25.340000,10.990000,-22.610001
-9.779467,1.462015,-0.277567,-39.410000,24.290001,-21.210001
-10.884951,0.423530,0.483350,-44.029999,35.070000,-10.780000
-11.399406,-0.301496,1.141376,-42.000000,31.150000,-6.440000
-11.952149,-1.392623,2.115255,-26.670000,6.580000,-15.470000
-12.289536,-1.619941,2.644069,1.330000,-24.920000,-25.270000
-11.480762,-0.629312,1.469193,41.650002,-46.759998,-22.889999
-10.808380,0.179462,0.636491,48.509998,-61.810001,-23.030001
-10.286745,0.990629,0.334995,41.160000,-54.740002,-18.340000
-9.669396,1.512264,-0.289532,27.650000,-31.080000,-1.260000
-9.403792,1.311267,-0.196211,5.180000,-5.950000,11.690000
-9.564112,0.732204,0.736989,-17.010000,14.700000,20.090000
-9.521042,0.346959,1.368695,-27.160000,31.500000,31.570000
-9.238688,-0.251246,1.756332,-28.770000,35.209999,34.580002
-8.985049,-0.701097,3.074777,-25.690001,18.549999,21.559999
-9.207582,-0.813560,3.548556,-4.900000,-3.780000,1.820000
-9.104690,-0.193819,2.359323,21.700001,-17.360001,-7.000000
-9.090333,0.449851,1.052842,30.380001,-23.379999,-12.950000
-9.399008,0.758525,0.607777,24.430000,-22.889999,-17.710001
-9.700503,0.976272,0.401994,10.640000,-10.150000,-11.830000
-9.879964,0.971486,0.287139,1.120000,-2.660000,-5.880000
-9.963714,0.684347,0.562313,-5.460000,2.310000,-1.120000
-10.116854,0.552742,0.966700,-7.000000,7.560000,3.360000
-10.358529,0.528814,0.880559,-5.530000,5.670000,6.090000
-10.210175,0.569492,0.880559,-0.420000,-2.240000,5.390000
-9.815358,0.669990,0.949951,5.530000,-9.940000,0.490000
-9.573684,0.882952,0.736989,8.750000,-15.610000,-4.620000
-9.528220,1.100698,0.595813,9.240000,-16.520000,-6.580000
-9.382257,1.277767,0.681954,8.400000,-13.930000,-4.060000
-9.071191,1.426122,0.406780,7.000000,-8.610000,-1.470000
-8.932407,1.347159,0.433101,-2.170000,-1.470000,-1.750000
-9.217153,1.136591,0.868595,-11.200000,6.440000,-0.350000
-9.595219,1.033699,1.004985,-15.260000,15.750000,1.820000
-9.600004,0.820738,0.995414,-12.880000,16.940001,5.530000
-9.595219,0.485743,1.414158,-13.580000,14.070000,4.970000
-9.779467,0.440279,1.710868,-7.140000,9.170000,1.120000
-9.824929,0.526421,1.349552,2.450000,3.500000,-0.280000
-9.578469,0.765703,1.009771,6.930000,-0.350000,-0.070000
-9.418150,1.012164,0.698704,7.140000,-1.680000,-1.750000
-9.647861,1.119841,0.473779,4.060000,-1.680000,-4.410000
-9.958927,1.052842,0.490529,-1.260000,3.850000,-3.080000
-9.891929,0.993021,0.636491,-5.950000,9.030000,2.310000
-9.901501,0.880559,0.835095,-9.310000,11.900000,4.270000
-10.059426,0.820738,0.875773,-10.920000,14.560000,5.600000
-10.004392,0.725025,0.765703,-10.990000,16.660000,11.130000
-9.793823,0.337388,0.964308,-13.860000,15.260000,9.940000
-9.836893,0.253639,1.512264,-8.540000,6.860000,1.750000
-10.104890,0.102891,1.462015,1.050000,-1.400000,-2.310000
-9.980463,0.122034,1.385444,6.860000,-5.460000,-2.520000
-9.889536,0.337388,1.217947,10.990000,-9.240000,-4.620000
-9.961320,0.650848,0.887737,12.740000,-10.500000,-4.830000
-10.025927,0.705883,0.715454,10.780000,-10.010000,-3.220000
-10.025927,0.784846,0.734596,8.610000,-8.050000,-0.630000
-9.868000,0.777667,0.684347,6.650000,-5.390000,3.430000
-9.635897,1.026521,0.442672,4.060000,-4.970000,1.260000
-9.846465,0.935594,0.655633,-1.680000,-3.850000,0.210000
-9.836893,0.892523,0.490529,-2.800000,-3.010000,0.070000
-9.597611,0.954736,0.552742,-3.500000,-2.310000,2.730000
-9.241080,1.086342,0.514457,-4.270000,-2.450000,0.840000
-9.008978,1.131805,0.421137,-5.950000,-3.500000,-4.200000
-9.078369,1.083949,0.593420,-10.290000,-3.010000,-9.380000
-9.200402,0.949951,0.954736,-14.490000,0.070000,-9.660000
-9.375079,0.698704,1.296910,-15.820000,5.600000,-5.250000
-9.712467,0.741775,1.299303,-14.210000,12.740000,1.050000
-9.908678,0.739382,0.983450,-11.970000,15.960000,7.490000
-9.695717,0.641276,1.146162,-11.690000,15.260000,13.230000
-9.430114,0.662812,1.095913,-8.890000,12.810000,13.580000
-9.080762,0.708275,0.904487,-5.180000,9.310000,10.290000
-8.937192,0.626920,1.007378,-5.670000,4.900000,3.500000
-9.348758,0.600598,1.330409,-0.420000,-1.890000,-9.730000
-9.793823,0.736989,1.076770,3.150000,-2.030000,-8.400000
-10.004392,0.844666,0.722632,2.870000,-1.820000,-5.670000
-9.956534,1.004985,0.622134,0.980000,-0.840000,-3.080000
-9.918249,0.906880,0.595813,-0.350000,1.890000,0.770000
-9.714860,0.921237,0.629312,-2.520000,4.620000,3.220000
-9.671788,0.849452,0.658026,-3.710000,5.250000,1.750000
-9.786645,0.717847,0.672383,-4.970000,6.020000,0.840000
-9.987641,0.787239,0.803988,-5.810000,6.160000,0.840000
-10.126426,0.705883,0.794417,-5.460000,4.480000,0.490000
-10.193424,0.579063,0.985843,-2.940000,-0.490000,-1.750000
-10.238889,0.631705,0.686740,1.680000,-4.340000,-2.240000
-10.076177,0.708275,0.624527,4.270000,-6.790000,-0.980000
-9.982857,0.717847,0.624527,3.990000,-7.910000,0.770000
-9.908678,0.667598,0.626920,3.500000,-6.440000,3.430000
-9.767502,0.729811,0.689133,2.310000,-4.620000,6.020000
-9.745967,0.736989,0.698704,1.190000,-3.430000,7.000000
-9.525827,0.746561,0.770489,0.070000,-2.660000,7.350000
-9.320045,0.598206,1.012164,-1.540000,-0.840000,7.490000
-9.241080,0.591027,1.284946,-3.150000,0.560000,4.270000
-9.504292,0.564706,1.337588,-3.150000,-1.610000,-1.540000
-9.578469,0.648455,1.091127,3.500000,-3.150000,-2.660000
-9.571291,0.789631,0.844666,3.990000,-2.590000,-1.890000
-9.688539,0.985843,0.729811,1.750000,-1.540000,-1.540000
-9.757930,0.933201,0.866202,-0.070000,-1.120000,-1.540000
-9.688539,1.007378,0.918844,-2.380000,0.910000,3.570000
-9.707682,0.978664,0.870987,-2.240000,2.590000,3.640000
-9.681360,1.083949,0.720240,-3.430000,2.100000,2.940000
-9.611969,0.981057,0.837488,-5.530000,3.150000,2.730000
-9.533006,0.777667,0.990629,-8.050000,6.020000,3.500000
-9.573684,0.741775,1.249053,-7.140000,7.630000,2.940000
-9.595219,0.760918,1.129412,-5.460000,8.890000,3.290000
-9.640682,0.772882,1.004985,-5.180000,10.220000,3.500000
-9.832108,0.818345,0.899701,-5.180000,10.010000,2.800000
-9.839286,0.803988,0.973879,-3.990000,9.100000,3.710000
-9.712467,0.899701,0.961915,-1.890000,6.090000,1.540000
-9.958927,0.815953,0.835095,-0.700000,1.610000,-2.660000
-10.006784,0.945165,0.538385,1.540000,-0.490000,-3.080000
-10.025927,0.937986,0.351745,0.980000,-0.070000,-1.260000
-9.990034,0.961915,0.387637,-2.030000,0.700000,-0.070000
-10.001998,0.875773,0.452243,-3.920000,1.260000,1.260000
-9.992428,0.825524,0.593420,-4.480000,1.470000,3.290000
-9.913465,0.753739,0.681954,-4.410000,1.190000,5.600000
-9.698111,0.806381,0.789631,-3.990000,-0.210000,6.580000
-9.485149,0.674776,0.906880,-1.750000,-3.010000,5.320000
-9.080762,0.744168,0.916451,0.560000,-4.970000,3.570000
-9.111869,0.775275,0.801596,2.730000,-7.000000,-2.450000
-9.360723,0.811167,0.725025,2.660000,-7.980000,-8.050000
-9.513863,1.093520,0.507278,2.240000,-6.160000,-8.610000
-9.573684,1.014557,0.507278,-1.470000,-4.900000,-7.840000
-9.518648,0.918844,0.729811,-5.530000,-1.960000,-3.220000
-9.420543,0.942772,0.947558,-7.210000,2.450000,-1.260000
-9.537791,0.851845,0.995414,-7.210000,4.900000,-0.980000
-9.726824,0.875773,1.024128,-5.740000,5.530000,0.140000
-9.812965,0.875773,1.026521,-4.550000,4.200000,3.010000
-9.585647,0.866202,0.969093,-3.570000,3.430000,4.200000
-9.458827,0.890130,0.983450,-3.430000,4.130000,3.990000
-9.391829,0.973879,0.978664,-3.150000,5.880000,4.130000
-9.126225,1.110270,0.751346,-4.340000,8.260000,3.220000
-9.303294,1.103091,0.598206,-7.840000,11.130000,0.420000
-9.540184,1.057628,0.696311,-10.500000,13.230000,0.350000
-9.623933,0.928415,0.801596,-10.570000,14.420000,2.590000
-9.571291,0.993021,0.799203,-9.590000,14.420000,4.340000
-9.738789,0.875773,0.777667,-7.630000,11.480000,1.400000
-9.839286,0.854238,0.806381,-5.950000,9.030000,1.400000
-9.903893,0.851845,0.710668,-3.430000,6.650000,-0.560000
-9.966106,0.763310,0.667598,-1.330000,4.200000,-0.420000
-9.920642,0.803988,0.588634,-0.490000,4.060000,0.910000
-9.856036,0.835095,0.399601,-1.120000,5.390000,1.400000
-9.908678,0.851845,0.425922,-2.870000,6.860000,0.630000
-10.140782,0.813560,0.562313,-3.850000,5.530000,-2.380000
-10.387242,0.660419,0.665205,-2.660000,3.220000,-3.220000
-10.315458,0.619741,0.751346,-1.050000,-0.210000,-1.750000
-10.128819,0.713061,0.765703,1.890000,-3.500000,-0.560000
-10.001998,0.859023,0.528814,4.900000,-6.160000,-0.420000
-9.879964,0.926022,0.425922,4.690000,-7.910000,-0.770000
-9.690931,0.679562,0.677169,1.120000,-4.900000,0.980000
-9.542577,0.835095,0.815953,0.280000,-0.910000,1.960000
-9.528220,0.768096,0.765703,0.490000,0.420000,1.400000
-9.611969,0.672383,0.851845,0.140000,0.420000,0.490000
-9.566505,0.784846,0.973879,1.470000,-0.490000,0.490000
-9.580862,0.787239,0.818345,3.010000,0.350000,0.490000
-9.511470,0.961915,0.717847,2.450000,0.490000,0.560000
-9.499505,0.952343,0.655633,1.820000,0.910000,-0.420000
-9.559326,0.969093,0.610170,1.050000,1.820000,-1.470000
-9.662218,0.957129,0.538385,1.050000,2.800000,-1.820000
-9.906286,0.995414,0.471386,-0.980000,2.660000,-2.030000
-9.817751,0.947558,0.562313,-2.940000,2.800000,0.910000
-9.664611,0.909273,0.382852,-2.170000,4.480000,4.830000
-9.743573,0.806381,0.571885,-4.200000,3.990000,2.730000
-9.827322,0.641276,0.763310,-4.830000,4.200000,1.470000
-9.851252,0.753739,0.626920,-2.450000,4.830000,2.590000
-9.789038,0.744168,0.512064,-1.190000,3.920000,2.870000
-9.765109,0.617348,0.732204,-2.100000,1.260000,1.050000
-9.767502,0.502493,0.837488,-0.630000,-0.210000,-0.140000
-9.724431,0.543171,0.679562,1.960000,-0.140000,0.140000
-9.734003,0.868595,0.502493,3.850000,0.070000,-0.630000
-10.016356,0.832702,0.361316,2.590000,-0.770000,-2.520000
-10.102496,0.799203,0.562313,0.630000,-0.560000,-0.700000
-9.937392,0.813560,0.538385,0.840000,0.070000,2.870000
-9.836893,0.763310,0.583849,0.560000,0.280000,4.480000
-9.784252,0.837488,0.598206,2.030000,-1.120000,4.200000
-9.547362,0.837488,0.423530,2.590000,-2.170000,2.520000
-9.456435,0.935594,0.442672,1.330000,-2.520000,0.210000
-9.473185,0.820738,0.588634,0.980000,-2.310000,-1.260000
-9.509077,0.832702,0.727418,1.750000,-1.820000,-1.680000
-9.583255,0.854238,0.686740,3.080000,-1.610000,-1.680000
-9.631111,0.916451,0.607777,3.850000,-2.450000,-1.610000
-9.650253,0.969093,0.528814,3.920000,-3.150000,-1.540000
-9.743573,1.057628,0.454636,4.410000,-4.060000,-1.190000
-9.714860,1.064806,0.409173,4.760000,-4.270000,1.190000
-9.578469,1.115055,0.373280,3.990000,-4.340000,3.150000
-9.126225,1.124627,0.385244,2.100000,-3.430000,4.760000
-9.154939,1.062413,0.428315,-0.350000,-2.520000,0.980000
-9.260223,0.957129,0.425922,-1.750000,-1.050000,-1.750000
-9.528220,0.873380,0.478565,-4.060000,0.560000,-3.780000
-9.824929,0.758525,0.691526,-4.760000,0.630000,-5.320000
-9.944571,0.784846,0.734596,-2.520000,-1.120000,-4.830000
-9.927821,0.780060,0.708275,0.210000,-3.500000,-2.870000
-9.791430,0.887737,0.732204,1.960000,-5.040000,-0.840000
-9.528220,0.954736,0.679562,2.800000,-4.970000,1.260000
-9.332008,0.995414,0.650848,2.800000,-3.780000,1.820000
-9.336794,1.055235,0.595813,2.030000,-2.240000,0.350000
-9.504292,1.004985,0.533599,0.700000,-0.700000,-1.540000
-9.597611,0.966700,0.531207,-1.120000,0.490000,-2.100000
-9.662218,0.768096,0.725025,-3.220000,1.820000,-2.310000
-9.755538,0.789631,0.885344,-1.680000,2.520000,-1.890000
-9.920642,0.641276,0.978664,0.560000,0.840000,-1.330000
-9.999605,0.626920,1.048056,3.360000,-1.400000,-0.210000
-9.822537,0.696311,0.935594,6.300000,-2.240000,1.820000
-9.801002,0.854238,0.655633,7.350000,-1.890000,1.540000
-9.848858,0.945165,0.370888,5.320000,-1.960000,0.840000
-9.772287,0.954736,0.392423,3.080000,-2.170000,0.700000
-9.717253,1.045663,0.392423,1.260000,-0.980000,0.490000
-9.712467,1.033699,0.409173,-0.840000,0.350000,0.700000
-9.757930,0.995414,0.562313,-2.450000,1.400000,1.120000
-9.671788,0.909273,0.665205,-2.450000,1.610000,1.750000
-9.602397,0.921237,0.691526,-1.400000,0.910000,1.540000
-9.444471,0.842274,0.727418,-0.490000,0.210000,1.750000
-9.389436,0.868595,0.698704,0.210000,0.490000,1.050000
-9.279366,0.909273,0.667598,0.420000,0.630000,0.490000
-9.097511,0.870987,0.629312,0.630000,0.490000,-0.700000
-9.095119,0.993021,0.658026,-0.280000,0.840000,-3.850000
-9.470792,1.050449,0.607777,-1.470000,1.890000,-7.560000
-9.812965,1.021735,0.500100,-2.940000,2.240000,-7.420000
-9.655040,0.971486,0.631705,-2.800000,2.030000,-3.780000
-9.432507,0.961915,0.466600,-0.910000,1.470000,-1.890000
-9.343972,0.983450,0.416351,-0.350000,0.070000,-2.870000
-9.260223,0.897308,0.394816,-0.700000,-1.120000,-4.410000
-9.164511,0.887737,0.449851,-0.560000,-2.800000,-5.880000
-9.188439,0.844666,0.421137,0.630000,-3.990000,-7.000000
-9.075976,0.854238,0.222532,2.310000,-6.370000,-6.930000
-8.958728,0.784846,0.174676,3.010000,-9.310000,-7.630000
-8.807980,0.686740,0.090927,4.620000,-13.790000,-7.840000
-8.590233,0.600598,0.045464,7.630000,-21.420000,-8.330000
-8.257630,0.337388,-0.150748,13.580000,-34.720001,-9.800000
-7.836494,0.189033,-0.052642,23.660000,-51.310001,-8.820000
-6.606583,0.358923,-0.928415,34.860001,-65.099998,0.630000
-4.677969,0.926022,-1.744368,37.590000,-64.260002,18.620001
-2.057827,1.646262,-2.574677,26.950001,-52.920002,36.470001
0.220140,1.902294,-2.770889,3.500000,-30.520000,48.580002
2.612962,1.691726,-1.957329,-29.610001,4.970000,64.260002
4.747360,1.397408,1.146162,-49.349998,24.219999,56.560001
5.458029,-0.069392,2.533999,-49.070000,24.920000,29.889999
5.625526,-0.409173,3.007778,-22.750000,-2.450000,-7.560000
6.058627,-0.440279,3.203990,3.990000,-34.439999,-30.450001
6.348158,0.078963,3.134598,30.030001,-64.470001,-51.380001
7.183254,0.825524,1.993221,57.610001,-80.290001,-58.310001
9.712467,2.926422,0.569492,56.770000,-63.000000,-43.959999
12.662818,4.237689,-0.279960,27.719999,-19.809999,-28.980000
14.553147,3.747160,-0.205783,-20.719999,37.520000,-36.610001
15.330814,2.227718,1.019342,-63.070000,85.540001,-76.720001
14.122439,-1.753939,3.000600,-89.809998,115.639999,-143.570007
9.379865,-5.637490,4.264010,-89.949997,123.199997,-239.190002
0.961915,-9.903893,4.161119,-55.299999,97.790001,-341.529999
-7.716853,-11.375479,2.507678,-17.710001,74.199997,-389.899994
-13.485948,-11.638690,-0.574277,17.920000,39.830002,-380.660004
-16.228123,-11.657832,-1.892723,10.710000,17.219999,-350.209991
-16.809578,-11.645866,-2.395216,-1.050000,20.580000,-318.779999
-16.725830,-12.598210,-2.694318,-17.500000,55.090000,-292.670013
-17.802599,-14.859427,-2.845066,-43.330002,114.590004,-273.839996
-21.982861,-19.085154,-1.416551,-66.430000,147.979996,-289.029999
-29.008186,-21.578474,0.074178,-49.560001,136.639999,-321.929993
-37.349567,-23.909084,0.516850,-10.080000,82.040001,-326.339996
-43.554157,-23.602802,0.476172,37.450001,18.129999,-272.790009
-44.946777,-21.506691,-0.725025,72.870003,-42.070000,-186.270004
-37.438103,-17.180466,-2.591427,81.269997,-78.959999,-97.580002
-37.438103,-17.180466,-2.591427,75.459999,-80.220001,-28.770000
-31.980074,-15.407385,-2.641676,47.459999,-60.480000,-0.140000
-32.575886,-14.967105,-2.699104,8.120000,-1.960000,44.450001
-32.563923,-14.756538,-3.579663,-2.450000,17.570000,89.320000
-31.637899,-14.627325,-3.235096,-8.750000,-7.980000,116.830002
-30.101707,-14.782858,-2.809174,0.980000,-58.310001,130.899994
-27.074789,-14.050655,-2.787638,20.440001,-103.949997,157.149994
-22.918455,-12.954741,-3.072384,36.680000,-130.410004,191.589996
-18.443878,-11.870793,-3.460021,40.950001,-137.059998,220.430008
-14.696717,-10.794022,-2.670390,31.219999,-127.610001,235.619995
-12.143576,-10.018748,-1.536192,17.570000,-101.150002,242.270004
-10.789237,-9.554541,-0.038285,7.210000,-63.630001,250.809998
-10.727024,-9.004191,0.076570,2.450000,-11.340000,262.149994
-11.990433,-8.446664,-0.471386,-8.610000,30.240000,260.540009
-13.672589,-8.638089,0.282353,-33.599998,38.220001,244.860001
-14.175081,-9.085547,1.808974,-32.619999,-4.760000,233.169998
-13.631909,-9.489935,3.471986,-11.060000,-47.740002,224.770004
-11.301301,-8.863015,4.039084,20.230000,-80.709999,226.869995
-7.980063,-7.867601,3.603590,40.599998,-96.180000,220.779999
-4.682754,-6.290731,3.244668,49.980000,-95.480003,199.850006
-2.333002,-4.646862,3.105884,49.139999,-79.660004,165.619995
-1.615155,-3.306881,3.249453,43.119999,-57.610001,134.960007
-1.842474,-1.971686,3.213561,43.540001,-36.820000,122.709999
-1.734797,-0.662812,2.385644,45.220001,-26.110001,118.580002
-0.875773,0.722632,1.837688,43.119999,-25.549999,106.120003
-0.394816,0.380459,1.854438,40.040001,-27.160000,87.989998
-0.713061,-0.799203,3.550949,38.220001,-20.299999,77.629997
-0.851845,-0.344566,3.823731,53.760002,-5.950000,81.059998
-0.665205,0.696311,2.993421,70.279999,-6.090000,81.129997
0.215354,1.564906,1.856830,81.760002,-18.549999,75.320000
1.459622,2.443072,1.531406,81.690002,-32.900002,65.029999
2.280360,2.895315,0.887737,77.840004,-35.700001,49.279999
2.533999,3.335595,0.337388,64.959999,-27.790001,34.509998
2.340181,3.675375,-0.311067,44.099998,-9.170000,21.770000
1.414158,3.538985,-0.648455,19.530001,8.750000,4.900000
-0.739382,1.674976,-0.086142,-7.840000,26.670000,-9.660000
-3.474378,1.828116,1.311267,-36.750000,65.940002,1.540000
-4.778467,2.239682,0.739382,-41.090000,101.430000,36.540001
-3.756732,2.478964,-0.260818,-42.420002,114.730003,72.309998
-2.713461,1.988436,0.854238,-54.599998,99.610001,66.919998
-3.156133,1.651048,2.160719,-40.110001,62.930000,15.400000
-4.122833,1.753939,2.292324,-13.650000,32.340000,-16.730000
-5.218746,2.141576,1.679761,9.940000,3.640000,-41.509998
-6.132804,2.316252,0.815953,20.719999,-8.890000,-52.220001
-7.384251,2.636890,-0.186640,18.480000,-3.500000,-49.490002
-8.953942,2.438286,-0.842274,1.400000,13.650000,-32.619999
-9.698111,2.581856,-0.722632,-17.990000,30.590000,-6.930000
-9.580862,2.368894,-0.423530,-29.400000,40.320000,17.010000
-8.764909,2.127219,-0.021535,-38.360001,44.380001,29.190001
-7.135397,1.277767,2.060220,-43.049999,40.459999,25.549999
-7.135397,1.277767,2.060220,-35.980000,21.420000,1.890000
-8.355737,0.827917,3.433701,-15.890000,-6.510000,-27.160000
-9.032906,1.098306,2.589034,20.650000,-33.110001,-46.200001
-9.291330,1.514657,1.660619,32.619999,-38.080002,-43.750000
-9.188439,1.806581,0.751346,30.660000,-31.639999,-35.000000
-8.980263,1.993221,0.586242,20.440001,-19.740000,-25.900000
-8.886944,1.923829,0.344566,6.650000,-1.120000,-16.240000
-8.877372,1.875973,0.378066,-7.630000,17.500000,-8.960000
-9.265009,1.268196,0.811167,-21.629999,31.080000,-6.160000
-9.712467,0.909273,1.481157,-29.820000,41.160000,-2.450000
-9.961320,0.203390,1.983650,-29.400000,41.650002,-0.980000
-10.234102,-0.483350,2.825923,-20.230000,23.240000,-10.220000
-10.923235,-0.763310,3.285345,2.660000,-5.110000,-27.020000
-11.184053,-0.401994,2.407180,30.030001,-24.150000,-29.120001
-10.767702,0.299103,1.093520,46.270000,-34.020000,-22.400000
-10.231709,0.847059,0.248854,38.709999,-29.820000,-14.980000
-10.112068,1.067199,-0.083749,23.100000,-15.820000,-8.890000
-9.985250,1.270589,-0.040678,7.700000,-0.140000,-0.420000
-10.068997,1.256232,0.129212,-5.600000,13.370000,5.600000
-10.217353,1.165305,0.574277,-13.720000,20.580000,10.570000
-10.281959,1.004985,0.949951,-16.309999,25.200001,17.360001
-10.080962,0.775275,1.239482,-15.120000,24.290001,18.900000
-9.997212,0.861416,1.349552,-8.120000,17.780001,14.140000
-10.078569,0.801596,1.155733,-1.750000,7.840000,10.570000
-10.018748,0.954736,1.074377,2.520000,-1.120000,8.260000
-9.741181,1.000200,1.162912,4.970000,-4.900000,8.540000
-9.116654,1.454836,0.468993,7.840000,-2.520000,9.380000
-9.040084,1.540978,0.421137,-1.260000,4.270000,7.280000
-8.958728,1.543371,0.813560,-9.310000,7.770000,6.860000
-8.918050,1.497907,1.162912,-12.530000,11.900000,7.350000
-8.958728,1.533799,1.296910,-12.670000,14.700000,7.210000
-8.918050,1.469193,1.213161,-11.340000,16.520000,7.140000
-8.973085,1.265803,1.287339,-11.060000,14.840000,4.340000
-9.142976,1.007378,1.402194,-9.940000,12.600000,-0.280000
-9.353544,0.988236,1.426122,-6.510000,10.080000,-3.920000
-9.571291,0.964308,1.241875,-1.400000,6.230000,-5.950000
-9.544970,1.129412,1.119841,0.770000,3.990000,-5.810000
-9.621540,1.213161,0.954736,0.910000,2.240000,-6.440000
-9.549755,1.347159,0.942772,0.140000,1.610000,-4.970000
-9.485149,1.318445,0.753739,-0.840000,2.730000,-3.220000
-9.655040,1.323231,0.696311,-5.810000,8.330000,0.140000
-9.700503,1.215554,0.758525,-9.310000,11.200000,3.360000
-9.659825,1.127020,1.031307,-9.380000,10.360000,3.780000
-9.633504,1.167697,1.086342,-7.070000,6.790000,0.980000
-9.667004,1.138984,1.115055,-5.040000,1.750000,-3.430000
-9.659825,1.325624,1.292124,-1.540000,-3.500000,-7.000000
-9.698111,1.457229,1.194018,3.220000,-6.650000,-8.260000
-9.772287,1.665405,0.777667,3.360000,-8.540000,-7.980000
-9.590433,1.785046,0.732204,-0.420000,-7.980000,-6.510000
-9.494720,1.708475,0.904487,-2.660000,-4.060000,-4.900000
-9.346365,1.648655,0.904487,-6.370000,1.960000,-3.290000
-9.765109,1.246661,1.411765,-11.200000,6.720000,-3.780000
-9.944571,1.196411,1.502693,-10.430000,10.080000,-1.540000
-9.712467,1.177269,1.363909,-8.330000,12.320000,2.170000
-9.516255,1.146162,1.356731,-8.120000,11.410000,1.400000
-9.678967,1.091127,1.354338,-7.140000,8.750000,-3.500000
-9.757930,1.055235,1.404587,-4.690000,6.020000,-6.160000
-9.652647,1.095913,1.237089,-1.260000,4.410000,-5.810000
-9.657433,1.205983,0.954736,0.700000,3.710000,-6.720000
-9.889536,1.103091,0.815953,-0.350000,3.360000,-8.190000
-9.846465,1.182054,0.842274,-1.820000,3.710000,-6.440000
-9.592826,1.150948,0.854238,-1.120000,3.780000,-4.480000
-9.506684,1.079163,0.851845,-1.330000,4.200000,-5.390000
-9.741181,1.007378,0.882952,-2.100000,5.670000,-7.140000
-9.827322,0.923629,0.933201,-2.590000,6.090000,-6.790000
-9.757930,0.859023,1.012164,0.700000,1.330000,-6.930000
-9.748360,1.021735,0.902094,4.130000,-1.120000,-7.770000
-9.645468,1.138984,0.605384,4.900000,-2.310000,-7.420000
-9.305687,1.304088,0.471386,2.450000,-2.240000,-8.120000
-9.109475,1.349552,0.459422,-0.420000,0.420000,-10.850000
-9.265009,1.380659,0.354138,-4.060000,4.270000,-13.510000
-9.722038,1.179662,0.535992,-9.240000,7.910000,-12.600000
-10.159925,1.038485,0.796810,-10.850000,9.240000,-7.770000
-10.234102,0.911665,0.985843,-8.680000,8.400000,-1.190000
-9.930215,0.875773,1.024128,-7.280000,7.630000,3.360000
-9.678967,0.796810,1.000200,-6.440000,6.790000,3.220000
-9.499505,0.815953,1.155733,-5.810000,6.020000,0.560000
-9.583255,0.945165,1.062413,-3.500000,3.920000,-3.780000
-9.671788,1.026521,1.004985,-1.750000,1.260000,-8.610000
-9.757930,1.086342,1.004985,-1.610000,1.610000,-9.170000
-10.052249,1.033699,0.839881,-2.380000,3.570000,-8.190000
-10.291530,1.007378,1.040878,-4.830000,5.880000,-5.250000
-10.269995,0.921237,1.093520,-5.180000,7.280000,0.070000
-10.085747,1.040878,1.071985,-3.570000,8.050000,4.970000
-9.779467,0.937986,0.969093,-3.290000,8.120000,7.560000
-9.722038,0.825524,1.012164,-3.990000,7.280000,5.460000
-9.710074,0.746561,1.038485,-3.290000,5.250000,2.380000
-9.659825,0.813560,0.911665,-1.330000,2.240000,-1.050000
-9.805787,0.681954,0.921237,-0.840000,0.700000,-4.830000
-10.040283,0.602991,0.978664,-1.680000,1.960000,-4.900000
-10.073784,0.655633,1.038485,-2.450000,4.340000,0.420000
-10.001998,0.667598,1.100698,-0.980000,3.990000,2.730000
-9.824929,0.696311,1.050449,0.630000,3.500000,3.990000
-9.611969,0.813560,0.885344,1.120000,2.520000,2.520000
-9.592826,0.911665,0.854238,0.700000,2.100000,0.490000
-9.556933,0.832702,0.880559,1.120000,3.430000,0.420000
-9.568897,0.784846,0.859023,0.980000,5.740000,0.350000
-9.489935,0.890130,0.732204,-0.630000,6.720000,-0.210000
-9.547362,0.765703,0.801596,-2.660000,8.260000,-0.980000
-9.824929,0.732204,0.949951,-2.870000,9.450000,-0.490000
-10.047462,0.643669,0.942772,-0.630000,8.190000,2.030000
-9.923036,0.744168,0.849452,1.680000,5.320000,4.340000
-9.590433,0.885344,0.595813,4.130000,3.290000,4.130000
-9.559326,0.993021,0.435494,4.060000,2.310000,1.610000
-9.667004,0.978664,0.413958,1.050000,3.220000,0.070000
-9.789038,0.849452,0.454636,-0.840000,4.060000,-0.700000
-9.918249,0.854238,0.696311,-2.590000,5.320000,-0.070000
-10.411172,0.782453,0.636491,-1.120000,4.970000,1.050000
-9.999605,1.002593,0.313460,1.050000,2.240000,5.670000
-9.300901,1.189233,0.308674,0.980000,-3.080000,4.410000
-10.281959,0.859023,1.093520,2.030000,1.470000,1.330000
-9.674182,1.131805,0.476172,12.320000,-1.050000,8.820000
-9.040084,1.083949,0.423530,10.220000,-3.220000,4.340000
-8.626125,1.131805,0.646062,5.250000,-3.430000,-1.260000
-8.274381,1.263410,0.306281,1.820000,2.100000,-7.000000
-8.496914,1.162912,0.430708,-8.260000,3.010000,-19.670000
-9.080762,1.019342,0.839881,-8.610000,7.560000,-18.760000
-9.554541,1.122234,0.732204,-4.760000,8.820000,-13.230000
-9.822537,1.217947,0.299103,-1.960000,9.590000,-7.070000
-9.681360,1.215554,0.081356,-2.310000,8.890000,-2.310000
-9.652647,1.081556,0.378066,-0.840000,11.200000,0.910000
-9.614362,1.057628,0.203390,1.470000,12.880000,3.010000
-9.521042,0.794417,0.315853,2.380000,9.450000,1.960000
-9.422935,0.875773,0.574277,3.150000,4.970000,-1.680000
-9.516255,0.878166,0.653241,3.150000,3.080000,-3.850000
-9.793823,0.976272,0.653241,1.330000,3.850000,-2.660000
-9.822537,1.141376,0.605384,0.070000,6.300000,-0.490000
-9.923036,1.031307,0.634098,1.400000,8.050000,2.310000
-10.188639,1.012164,0.696311,3.500000,9.310000,5.110000
-10.322637,1.117448,0.545564,4.550000,10.290000,9.520000
-10.064213,1.162912,0.540778,3.010000,8.820000,14.560000
-10.183852,1.160519,0.459422,1.330000,8.470000,17.360001
-10.308280,1.064806,0.088534,-2.030000,9.240000,18.480000
-10.384850,1.048056,0.098106,-6.440000,10.920000,18.760000
-10.250853,0.983450,0.026321,-7.490000,12.110000,18.270000
-9.879964,0.212961,0.148355,-6.020000,12.390000,15.750000
-10.327423,0.835095,-0.100499,-6.930000,15.190001,12.320000
-10.004392,0.672383,0.248854,-4.900000,11.760000,8.750000
-9.824929,0.562313,0.284746,-0.980000,7.490000,2.310000
-9.638289,0.894916,0.277567,1.750000,1.120000,-3.640000
-9.353544,1.100698,0.425922,3.150000,-3.360000,-10.080000
-9.159724,0.964308,0.547956,8.820000,-2.030000,-11.760000
-8.874979,0.887737,0.521635,10.920000,0.560000,-12.810000
-8.595018,0.851845,0.581456,13.020000,0.700000,-13.930000
-9.052048,0.954736,0.464208,9.240000,-1.610000,-14.770000
-9.052048,0.954736,0.464208,8.050000,-3.080000,-14.700000
-9.296116,0.813560,0.602991,6.160000,-7.280000,-13.860000
-9.353544,1.462015,0.313460,1.260000,-12.880000,-12.530000
-9.753145,1.184447,0.727418,-6.650000,-14.140000,-13.300000
-9.753145,1.184447,0.727418,-12.950000,-9.870000,-11.970000
-10.360922,0.981057,0.789631,-7.560000,-0.280000,-3.920000
-9.982857,1.665405,-0.756132,-13.230000,15.120000,5.460000
-10.372886,0.916451,-0.229711,-16.450001,18.410000,4.620000
-10.420743,0.827917,-0.165105,-16.520000,13.510000,6.160000
-10.112068,0.837488,0.138784,-14.700000,7.210000,3.920000
-9.781858,0.705883,0.318245,-10.640000,0.840000,-2.870000
-10.183852,0.667598,0.279960,-4.550000,-3.430000,-7.910000
-10.224532,0.619741,0.442672,0.770000,-6.650000,-7.350000
-10.356135,0.567099,0.598206,5.950000,-6.020000,-4.270000
-9.970891,0.543171,0.662812,11.200000,-6.300000,0.770000
-9.580862,0.468993,0.746561,13.230000,-6.230000,3.010000
-9.312866,0.552742,0.863809,14.280000,-6.580000,1.960000
-9.267403,0.717847,0.787239,14.280000,-7.350000,1.960000
-9.265009,0.765703,0.794417,13.020000,-7.420000,-1.890000
-9.265009,0.815953,0.701097,10.710000,-7.070000,-3.500000
-9.236296,0.966700,0.543171,4.340000,-5.390000,-3.430000
-9.329616,1.170090,0.428315,1.960000,-1.960000,-2.520000
-9.619147,1.191626,0.136391,-0.980000,1.120000,0.630000
-9.643075,1.162912,0.028714,-4.550000,3.780000,4.340000
-9.671788,1.138984,0.071785,-5.390000,3.500000,4.830000
-9.518648,1.143769,-0.023928,-4.830000,3.780000,3.290000
-9.669396,1.146162,-0.019143,-3.920000,2.520000,0.210000
-9.690931,1.050449,0.141177,-2.030000,0.910000,-2.870000
-9.822537,1.014557,0.244068,0.490000,-0.210000,-3.360000
-9.803394,0.942772,0.294317,2.030000,0.630000,-1.190000
-9.750752,1.014557,0.133998,1.610000,0.140000,-0.420000
-9.750752,1.014557,0.133998,0.630000,0.210000,-0.140000
-9.489935,0.849452,0.380459,-1.120000,0.700000,0.700000
-9.511470,0.873380,0.361316,-2.450000,1.890000,-0.700000
-9.535398,0.827917,0.330210,-3.360000,0.840000,-2.940000
-9.602397,0.847059,0.392423,-4.620000,0.840000,-4.620000
-9.712467,0.849452,0.349352,-5.250000,0.280000,-5.390000
-9.784252,0.894916,0.351745,-4.410000,1.120000,-5.040000
-9.923036,0.758525,0.334995,-2.870000,2.310000,-4.200000
-9.875179,0.928415,0.346959,-2.590000,2.450000,-2.170000
-9.887143,0.768096,0.349352,-1.680000,2.170000,-2.310000
-9.865608,0.756132,0.507278,-1.680000,2.310000,-1.820000
-9.817751,0.753739,0.418744,-0.350000,1.190000,-2.030000
-9.688539,0.744168,0.421137,-0.420000,-0.280000,-2.310000
-9.607183,0.681954,0.246461,-1.400000,-0.770000,-2.590000
-9.798609,0.763310,-0.021535,-3.010000,0.350000,-3.430000
-9.812965,0.665205,0.076570,-3.920000,2.590000,-2.380000
-9.961320,0.648455,0.066999,-2.310000,2.310000,-2.870000
-9.994821,0.579063,0.133998,-0.280000,0.630000,-3.570000
-9.786645,0.624527,0.172283,1.190000,-1.610000,-3.850000
-9.363115,0.691526,0.488136,3.920000,-2.030000,-4.200000
-9.231510,0.689133,0.500100,5.670000,-2.030000,-5.110000
-9.600004,0.605384,0.473779,5.390000,-4.620000,-6.510000
-9.786645,0.586242,0.344566,3.290000,-8.680000,-5.110000
-9.530612,0.777667,0.086142,0.140000,-9.800000,-3.430000
-9.382257,0.844666,0.358923,-1.050000,-5.740000,-4.830000
