-0.282353,-10.348958,0.526421,-31.639999,-11.480000,0.560000
0.007178,-10.722239,0.629312,-20.510000,-8.610000,-2.940000
0.086142,-10.868200,0.586242,-7.490000,-5.040000,-5.180000
0.110070,-10.463813,0.540778,2.870000,-2.170000,-5.390000
0.038285,-10.181459,0.672383,12.740000,1.610000,-4.690000
-0.083749,-9.858429,0.545564,14.000000,1.680000,-3.710000
-0.112463,-9.712467,0.483350,10.570000,0.140000,-2.590000
-0.157926,-9.619147,0.574277,4.480000,-2.380000,-0.280000
0.033500,-9.547362,0.691526,-1.820000,-5.810000,2.170000
0.177069,-9.674182,0.753739,-7.070000,-7.420000,2.520000
0.210568,-9.772287,0.806381,-9.520000,-5.740000,2.520000
0.181855,-9.722038,0.825524,-9.940000,-5.110000,3.010000
0.141177,-9.853643,0.744168,-10.430000,-3.360000,1.820000
-0.021535,-10.066606,0.588634,-7.140000,0.070000,-2.100000
-0.157926,-10.037891,0.514457,-0.980000,1.190000,-3.920000
-0.045464,-9.870394,0.488136,2.170000,-0.910000,-3.640000
-0.062213,-9.798609,0.473779,1.260000,-1.330000,-1.960000
-0.136391,-9.738789,0.468993,-1.120000,-1.400000,-0.070000
-0.289532,-9.755538,0.452243,-2.870000,-3.780000,-0.070000
-0.267996,-9.784252,0.519243,-3.640000,-7.280000,-1.260000
-0.076570,-9.894321,0.703490,-2.660000,-9.870000,-2.030000
0.193819,-9.846465,0.842274,-1.750000,-9.800000,-1.610000
0.382852,-9.779467,0.964308,-1.680000,-6.790000,-2.240000
0.454636,-9.820145,0.976272,-1.680000,-2.940000,-4.270000
0.325424,-9.992428,1.052842,0.210000,1.190000,-4.060000
0.078963,-9.990034,0.837488,1.120000,3.500000,-2.730000
-0.205783,-9.944571,0.653241,0.210000,2.940000,-1.260000
-0.315853,-9.887143,0.595813,-2.100000,-2.100000,-0.840000
-0.191426,-9.932607,0.622134,-3.080000,-3.430000,-0.840000
-0.234497,-9.968499,0.713061,-5.670000,-2.940000,0.070000
-0.263210,-10.095319,0.701097,-6.230000,-2.590000,0.210000
-0.318245,-10.095319,0.722632,-4.900000,-4.060000,0.420000
-0.138784,-9.968499,0.641276,-3.290000,-6.440000,-0.210000
0.141177,-9.894321,0.894916,-4.130000,-6.650000,-1.190000
0.212961,-9.923036,0.820738,-6.510000,-4.970000,-0.700000
0.370888,-10.262815,0.813560,-8.680000,-4.410000,-0.980000
0.401994,-10.528419,0.741775,-4.970000,-1.680000,-3.010000
0.373280,-10.612168,0.588634,0.490000,1.260000,-2.100000
0.282353,-10.506885,0.612563,5.040000,2.030000,-0.210000
0.215354,-10.310673,0.588634,10.500000,3.010000,0.140000
0.160319,-10.052249,0.550349,14.700000,3.080000,0.070000
0.179462,-9.896714,0.641276,15.750000,2.030000,0.280000
0.196211,-9.667004,0.727418,13.720000,1.400000,1.890000
0.239282,-9.401401,0.780060,10.150000,1.330000,2.240000
0.229711,-9.348758,0.775275,5.950000,0.490000,2.170000
0.157926,-9.310472,0.703490,0.420000,-1.050000,3.080000
0.208176,-9.341579,0.646062,-6.720000,-2.730000,3.920000
0.186640,-9.394222,0.734596,-10.080000,-1.820000,4.480000
0.160319,-9.489935,0.689133,-10.430000,-0.910000,2.590000
0.002393,-9.535398,0.610170,-10.360000,-0.840000,1.190000
-0.031107,-9.621540,0.533599,-11.060000,-1.050000,1.190000
-0.069392,-9.822537,0.416351,-10.430000,-1.260000,-0.980000
-0.028714,-9.908678,0.428315,-7.980000,-1.190000,-0.910000
0.102891,-9.848858,0.378066,-6.790000,-1.680000,-1.540000
0.143569,-9.901501,0.421137,-5.600000,-1.680000,-2.800000
0.148355,-9.791430,0.404387,-5.250000,-0.840000,-2.520000
0.086142,-9.805787,0.382852,-6.160000,-0.770000,-2.520000
0.143569,-9.851252,0.418744,-7.070000,-1.050000,-2.170000
0.270389,-9.906286,0.461815,-8.330000,-1.120000,-1.890000
0.253639,-10.085747,0.416351,-8.330000,1.330000,-1.610000
0.031107,-10.068997,0.308674,-6.300000,3.220000,-1.190000
-0.031107,-9.901501,0.239282,-3.850000,2.240000,-1.330000
0.004786,-9.868000,0.203390,-2.940000,-0.210000,-2.240000
0.119641,-9.923036,0.296710,-3.500000,-1.400000,-2.380000
0.189033,-9.930215,0.358923,-3.500000,-0.350000,-1.470000
0.114855,-9.942179,0.315853,-2.870000,1.190000,-0.490000
0.004786,-9.860823,0.256032,-2.380000,1.470000,0.420000
-0.047856,-9.844072,0.346959,-0.070000,1.050000,-0.280000
-0.016750,-9.676575,0.361316,1.890000,0.490000,-1.050000
0.002393,-9.604790,0.366102,2.170000,1.470000,-1.680000
-0.102891,-9.437292,0.351745,0.350000,1.540000,-1.890000
-0.131605,-9.377472,0.337388,-3.220000,-0.140000,-2.100000
-0.114855,-9.434900,0.339781,-7.630000,-1.820000,-1.610000
-0.131605,-9.537791,0.186640,-11.970000,-2.870000,-0.700000
-0.086142,-9.808180,0.122034,-16.100000,-6.860000,1.540000
-0.086142,-9.808180,0.122034,-17.219999,-8.890000,2.380000
0.069392,-9.884750,0.200997,-18.760000,-11.690000,3.150000
0.349352,-10.219746,0.272782,-12.040000,-7.910000,-0.980000
0.323031,-10.159925,0.275175,-8.120000,-6.090000,-1.960000
0.382852,-10.066606,0.404387,0.840000,-3.850000,-3.360000
0.375673,-9.844072,0.375673,4.690000,-2.660000,-2.870000
0.234497,-9.549755,0.344566,4.340000,-0.980000,-2.590000
0.050249,-9.568897,0.404387,0.070000,-1.960000,-3.220000
0.045464,-9.659825,0.440279,-3.290000,-5.740000,-3.080000
0.148355,-9.614362,0.593420,-5.950000,-9.310000,-2.660000
0.169890,-9.628718,0.574277,-8.260000,-9.660000,-2.800000
0.110070,-9.698111,0.612563,-10.710000,-9.170000,-2.870000
0.117248,-9.722038,0.780060,-12.740000,-11.130000,-1.680000
0.401994,-9.707682,1.009771,-14.560000,-14.000000,-0.070000
0.555135,-9.937392,1.194018,-15.470000,-11.130000,-1.750000
0.394816,-10.095319,1.127020,-11.200000,-2.520000,-5.740000
0.035892,-10.135997,1.045663,-4.690000,2.520000,-8.680000
-0.174676,-10.054641,0.861416,2.310000,4.970000,-10.290000
-0.466600,-9.887143,0.751346,2.520000,4.270000,-10.710000
-0.921237,-9.877571,0.495314,-1.190000,-0.210000,-7.560000
-1.036092,-9.765109,0.693919,-7.350000,-10.990000,-0.980000
-0.602991,-9.456435,0.990629,-15.260000,-19.110001,4.340000
-0.210568,-9.308081,1.373480,-22.820000,-17.290001,4.130000
-0.181855,-9.320045,1.447658,-30.380001,-13.020000,4.200000
-0.129212,-9.437292,1.514657,-35.279999,-12.180000,3.430000
-0.148355,-9.982857,1.665405,-35.139999,-8.050000,0.910000
-0.148355,-9.877571,1.552942,-33.740002,-8.190000,6.160000
0.181855,-9.815358,1.452443,-30.799999,-4.620000,1.540000
-0.167498,-9.705289,1.536192,-24.990000,1.260000,1.050000
-0.325424,-9.547362,1.801795,-21.350000,2.730000,0.910000
-0.361316,-9.432507,1.679761,-19.530001,5.180000,-0.980000
-0.368495,-9.095119,2.378466,-20.860001,2.870000,-1.050000
-0.418744,-8.989835,2.821138,-25.549999,3.430000,-4.690000
-0.160319,-9.269794,3.893122,-35.700001,-4.060000,-6.790000
0.303888,-9.676575,5.539384,-51.730000,-8.330000,-0.560000
0.169890,-10.339387,6.159126,-69.160004,-5.250000,14.560000
-0.375673,-11.607583,7.609176,-83.440002,0.560000,28.980000
-1.844866,-13.222737,8.401200,-80.849998,14.000000,39.480000
-3.462414,-15.383456,10.356135,-46.480000,19.809999,38.150002
-4.965107,-15.074783,11.779866,32.060001,27.160000,32.549999
-5.371887,-12.026326,14.510076,119.419998,11.270000,31.360001
-3.802195,-7.556533,17.831314,168.910004,-20.299999,34.580002
-1.105484,-3.933800,21.107088,179.759995,-39.340000,22.540001
1.093520,-1.215554,22.961525,166.389999,-22.750000,10.710000
2.019542,0.799203,22.715065,136.779999,2.590000,6.090000
2.526821,2.354537,21.568903,96.809998,15.260000,-1.120000
4.149154,2.849852,20.102102,58.240002,24.360001,-24.430000
6.051448,2.258825,16.328621,0.770000,40.180000,-48.090000
7.305287,0.014357,11.775080,-81.760002,52.150002,-50.540001
8.499306,-3.390630,6.640083,-163.589996,62.720001,-36.330002
9.339187,-8.188239,1.282553,-214.550003,86.449997,-30.450001
8.973085,-13.148561,-4.450650,-209.160004,125.300003,-23.379999
5.895915,-17.039289,-12.904492,-112.770004,155.750000,-21.350000
5.895915,-17.039289,-15.163318,-69.720001,158.479996,-32.830002
3.632305,-14.258829,-16.780865,10.710000,166.039993,-59.080002
3.151347,-12.071791,-16.493725,42.910000,147.490005,-61.529999
3.613162,-11.246266,-16.139589,9.590000,123.900002,-49.560001
4.864608,-11.889936,-15.976876,-38.220001,105.629997,-27.299999
5.446064,-13.753943,-15.448064,-71.050003,103.529999,-9.870000
4.883751,-15.180067,-15.622739,-60.760002,119.489998,1.120000
3.833302,-15.239887,-14.763715,-13.580000,125.790001,2.100000
3.483950,-13.988441,-14.775680,38.080002,122.779999,-3.570000
3.074777,-12.325430,-13.119846,73.779999,113.260002,-8.890000
2.684747,-10.490135,-11.574083,82.879997,105.489998,-5.880000
1.945365,-9.408579,-10.805987,67.550003,96.739998,-1.750000
0.765703,-9.585647,-10.004392,40.880001,84.840004,0.280000
0.074178,-9.868000,-9.195618,19.809999,65.169998,6.860000
0.078963,-10.274779,-8.425128,6.370000,34.650002,10.220000
0.057428,-10.815558,-7.566105,7.210000,23.170000,11.620000
-0.002393,-11.016556,-6.690332,18.690001,13.790000,11.410000
0.260818,-10.504492,-5.572884,35.139999,9.870000,3.640000
0.449851,-9.710074,-4.809574,43.259998,11.340000,-7.840000
0.478565,-9.317651,-3.742374,40.250000,10.780000,-13.440001
0.567099,-9.320045,-2.679961,34.369999,8.470000,-14.910000
0.775275,-9.358330,-2.445465,25.830000,7.910000,-12.530000
0.526421,-9.647861,-2.199004,20.650000,7.000000,-11.130000
0.401994,-9.882358,-1.875973,17.150000,-4.830000,-3.780000
0.756132,-9.736395,-1.720440,11.900000,-16.379999,4.200000
1.615155,-9.516255,-0.976272,4.690000,-22.330000,11.900000
1.440479,-9.970891,-1.234696,-5.530000,-18.129999,15.890000
1.225125,-10.521241,-0.988236,-7.980000,-9.520000,17.010000
1.237089,-10.681561,-1.227518,2.030000,-7.280000,15.190001
0.961915,-10.442278,-1.325624,14.350000,-0.840000,13.300000
0.464208,-10.425529,-1.251446,23.170000,5.390000,9.380000
0.110070,-9.985250,-1.232304,30.100000,5.670000,8.610000
-0.279960,-9.559326,-1.332802,33.599998,3.290000,8.260000
-0.260818,-8.961121,-0.842274,29.469999,-6.580000,10.710000
0.074178,-8.755339,-0.686740,18.480000,-14.770000,12.250000
0.428315,-8.858230,-0.346959,7.070000,-16.590000,9.450000
0.500100,-9.375079,-0.248854,-0.980000,-12.180000,3.850000
0.468993,-9.956534,-0.191426,-0.910000,-7.280000,-3.010000
0.638884,-10.243673,-0.485743,8.120000,-5.390000,-10.430000
0.495314,-10.554741,-0.334995,19.879999,-7.000000,-14.910000
0.330210,-10.315458,-0.105284,21.770000,-13.300000,-5.110000
0.610170,-9.643075,0.425922,11.620000,-23.590000,7.140000
1.014557,-9.346365,0.736989,11.620000,-22.960001,9.590000
1.045663,-9.523434,0.736989,-7.910000,-15.050000,10.570000
0.863809,-9.645468,0.617348,-11.970000,-8.680000,8.190000
0.576670,-10.021141,0.617348,-9.170000,-6.090000,2.660000
0.392423,-9.982857,0.299103,-4.690000,-7.560000,-1.260000
0.375673,-10.066606,0.282353,-1.890000,-9.310000,-6.370000
0.483350,-10.112068,0.504886,2.030000,-9.660000,-10.570000
0.717847,-10.083356,0.586242,3.430000,-11.900000,-9.870000
0.717847,-10.083356,0.586242,3.080000,-13.510000,-8.190000
1.368695,-9.547362,0.964308,3.010000,-14.910000,-4.550000
1.404587,-9.559326,1.028914,-0.280000,-9.380000,-5.390000
1.217947,-9.604790,0.815953,0.840000,-2.730000,-7.490000
1.026521,-9.595219,0.792024,3.290000,0.560000,-9.660000
0.969093,-9.485149,0.782453,4.690000,1.190000,-11.970000
0.698704,-9.540184,0.581456,6.090000,4.970000,-15.120000
0.411566,-9.635897,0.598206,5.390000,4.340000,-17.080000
0.581456,-9.564112,0.880559,2.660000,-4.410000,-13.510000
0.981057,-9.329616,1.083949,-3.080000,-12.670000,-7.210000
1.227518,-9.384650,1.184447,-11.200000,-12.110000,-4.340000
1.239482,-9.664611,1.016950,-17.430000,-8.470000,-2.590000
1.318445,-10.049855,0.765703,-20.370001,-5.880000,-1.050000
1.316052,-10.514063,0.555135,-18.900000,-2.240000,-1.330000
1.136591,-10.607382,0.337388,-11.900000,2.520000,-2.310000
0.988236,-10.542776,0.296710,2.310000,8.400000,-6.580000
0.796810,-10.265208,0.260818,9.100000,9.800000,-9.100000
0.638884,-9.951750,0.047856,9.730000,8.330000,-7.420000
0.567099,-9.729217,0.258425,4.340000,3.920000,-3.010000
0.612563,-9.583255,0.267996,-1.330000,1.540000,-0.420000
0.598206,-9.631111,0.339781,-4.480000,-0.350000,0.630000
0.715454,-9.489935,0.284746,-7.140000,-2.380000,1.260000
0.839881,-9.559326,0.251246,-10.010000,-1.470000,-0.910000
0.902094,-9.827322,0.282353,-9.450000,0.770000,-4.480000
0.787239,-10.291530,0.150748,-5.320000,0.910000,-6.580000
0.973879,-10.310673,0.179462,1.680000,2.100000,-7.770000
0.902094,-10.052249,0.344566,9.940000,4.340000,-11.620000
0.748954,-9.506684,0.296710,20.230000,6.230000,-13.090000
0.650848,-9.068797,0.212961,13.090000,2.170000,-7.700000
0.739382,-8.958728,0.437887,-1.890000,-4.690000,-1.260000
0.909273,-9.310472,0.265603,-15.260000,-7.840000,0.700000
1.055235,-9.868000,0.263210,-22.120001,-7.350000,-1.120000
1.198804,-10.420743,0.122034,-22.049999,-6.020000,-3.850000
1.488336,-10.918450,-0.090927,-16.309999,-3.990000,-7.350000
1.593620,-10.947165,0.016750,-4.900000,0.140000,-8.540000
1.648655,-10.736595,-0.143569,6.230000,3.850000,-10.500000
1.579263,-10.612168,-0.227318,9.940000,6.020000,-12.250000
1.438086,-10.657632,-0.394816,9.520000,6.580000,-10.150000
1.167697,-10.494920,-0.854238,6.300000,2.870000,-4.830000
0.866202,-10.516455,-0.021535,-1.120000,-7.070000,4.760000
1.196411,-10.205389,-0.713061,-3.220000,-12.040000,8.540000
1.378266,-10.164711,0.148355,-2.240000,-6.160000,6.580000
1.339981,-10.009177,0.019143,1.120000,-1.120000,3.570000
1.316052,-9.844072,0.325424,5.950000,2.870000,2.100000
1.411765,-9.731609,0.378066,8.540000,7.910000,2.100000
1.339981,-9.573684,0.270389,8.190000,11.620000,-0.420000
1.095913,-9.717253,0.184247,6.510000,12.320000,0.350000
0.981057,-9.879964,0.064606,3.220000,6.930000,5.320000
1.000200,-10.018748,0.155533,-1.610000,-1.960000,13.510000
1.038485,-9.657433,0.189033,-3.010000,-10.850000,14.420000
1.038485,-9.657433,0.189033,-3.430000,-11.970000,12.950000
1.177269,-9.889536,0.342174,-3.430000,-5.180000,9.730000
0.832702,-10.255639,0.241675,-0.490000,3.290000,0.910000
0.832702,-10.289137,0.160319,8.750000,3.220000,-1.540000
0.935594,-10.009177,0.172283,13.930000,2.730000,-2.870000
0.890130,-9.973285,0.205783,14.840000,3.920000,-3.570000
0.763310,-9.968499,0.069392,13.790000,3.640000,-2.240000
0.880559,-9.877571,0.239282,10.080000,-0.490000,2.240000
1.131805,-9.683753,0.428315,4.200000,-4.480000,8.750000
1.107877,-9.745967,0.354138,-0.560000,-3.290000,10.500000
0.921237,-9.906286,0.332602,-2.170000,-0.560000,10.080000
0.878166,-9.966106,0.375673,-1.050000,-1.330000,10.150000
0.856631,-9.812965,0.351745,2.800000,-1.190000,8.820000
0.770489,-9.719646,0.212961,5.250000,1.400000,5.530000
0.583849,-9.810574,0.157926,4.970000,2.660000,2.380000
0.626920,-9.903893,0.196211,6.090000,0.840000,0.420000
0.691526,-9.915856,0.150748,6.650000,-0.210000,-1.610000
0.653241,-10.061819,-0.011964,5.950000,-1.050000,-1.120000
0.634098,-10.068997,-0.011964,3.640000,-4.620000,3.220000
0.713061,-10.006784,0.002393,0.910000,-7.700000,6.230000
0.744168,-10.164711,-0.062213,-0.700000,-8.190000,7.840000
0.715454,-10.135997,-0.093320,-2.590000,-10.780000,11.620000
0.792024,-10.112068,0.031107,-3.220000,-11.410000,12.740000
0.839881,-10.186246,-0.026321,-1.190000,-8.820000,10.290000
0.787239,-10.303494,-0.162712,1.260000,-7.840000,8.400000
0.906880,-10.406385,-0.055035,4.410000,-8.050000,6.580000
0.906880,-10.406385,0.083749,8.680000,-6.510000,5.390000
0.782453,-10.267602,-0.026321,12.250000,-4.690000,5.040000
0.595813,-10.155140,-0.023928,12.250000,-4.900000,9.730000
0.588634,-9.913465,0.095713,10.640000,-8.890000,14.070000
0.646062,-9.748360,0.208176,9.660000,-12.950000,15.260000
0.634098,-9.662218,0.198604,10.290000,-12.810000,13.020000
0.600598,-9.643075,0.196211,11.270000,-12.320000,9.660000
0.725025,-9.705289,0.200997,11.200000,-13.090000,5.810000
0.892523,-9.710074,0.308674,11.270000,-12.810000,5.040000
0.942772,-9.760324,0.387637,12.320000,-10.360000,3.990000
0.961915,-9.853643,0.363709,12.530000,-8.190000,2.730000
0.830309,-10.033106,0.299103,13.860000,-6.720000,2.940000
0.825524,-10.033106,0.296710,15.400000,-7.560000,4.900000
0.873380,-9.779467,0.413958,15.960000,-10.290000,9.940000
0.930808,-9.456435,0.397209,12.320000,-10.640000,10.920000
0.868595,-9.418150,0.330210,5.600000,-11.550000,11.270000
0.935594,-9.616754,0.332602,-0.350000,-13.230000,11.480000
1.115055,-9.863215,0.287139,-2.870000,-11.550000,9.240000
1.227518,-10.195816,0.306281,-3.990000,-6.860000,10.080000
0.983450,-10.425529,0.141177,-1.540000,-1.470000,11.760000
0.674776,-10.502099,-0.009571,3.290000,-1.470000,11.550000
0.619741,-10.423136,-0.112463,7.980000,-4.830000,10.640000
0.854238,-10.231709,-0.052642,10.360000,-4.830000,7.490000
0.978664,-10.341780,-0.095713,11.900000,-0.490000,3.990000
0.978664,-10.341780,-0.095713,14.280000,3.990000,0.490000
0.961915,-10.332209,-0.239282,18.549999,5.390000,-3.920000
1.117448,-9.870394,-0.186640,22.540001,7.980000,-8.190000
1.117448,-9.719646,-0.148355,21.980000,13.090000,-14.000000
0.945165,-9.765109,-0.686740,18.340000,18.059999,-15.540000
0.351745,-10.272388,-1.395016,11.060000,18.969999,-12.460000
0.102891,-10.703095,-1.354338,7.350000,9.030000,-5.600000
0.509671,-10.360922,-1.174876,10.570000,-5.950000,2.660000
0.899701,-9.812965,-0.985843,8.960000,-12.390000,11.200000
0.880559,-9.777073,-1.086342,-3.500000,-10.150000,15.750000
0.564706,-10.119246,-1.208375,-15.610000,-8.050000,21.000000
0.521635,-10.124033,-1.356731,-22.260000,-12.180000,27.090000
0.708275,-10.028319,-1.509871,-25.059999,-18.200001,30.730000
0.799203,-10.011569,-1.749153,-30.309999,-21.350000,32.830002
0.440279,-10.181459,-2.277967,-35.630001,-19.809999,35.630001
0.069392,-10.243673,-2.266003,-35.420002,-23.590000,30.660000
0.313460,-10.346564,-2.021935,-23.730000,-33.880001,21.070000
0.586242,-10.253245,-2.076970,-13.790000,-28.490000,11.270000
0.342174,-10.231709,-2.033899,-7.140000,-22.540001,1.400000
0.033500,-10.298709,-2.031506,-3.360000,-23.730000,-3.570000
-0.002393,-10.289137,-1.895115,-3.920000,-27.370001,-3.360000
0.052642,-10.157533,-1.875973,-9.170000,-27.510000,0.140000
-0.337388,-10.176675,-2.148755,-19.530001,-27.719999,7.140000
-0.677169,-10.451849,-2.215754,-30.170000,-39.410000,15.260000
-0.540778,-10.583455,-1.672583,-36.680000,-54.670002,24.290001
1.014557,-10.348958,-0.746561,-40.599998,-58.450001,31.710001
1.014557,-10.348958,-0.746561,-47.040001,-48.369999,35.840000
0.820738,-10.645668,0.258425,-46.759998,-33.320000,34.020000
0.973879,-10.298709,0.796810,-33.180000,-11.970000,26.740000
1.055235,-9.731609,1.105484,-23.030001,3.990000,16.660000
0.413958,-9.288938,0.473779,-18.549999,22.260000,8.190000
-1.756332,-9.626326,-1.655833,-25.129999,30.520000,4.830000
-3.254239,-11.172089,-1.823331,-40.180000,1.820000,12.460000
-2.110470,-10.932807,-0.334995,-33.670002,-59.920002,32.759998
0.509671,-9.336794,0.366102,-23.940001,-98.139999,45.990002
1.859223,-8.932407,1.201197,-35.070000,-92.959999,41.230000
1.430908,-9.796216,1.232304,-47.389999,-57.959999,28.280001
0.593420,-10.502099,1.234696,-47.459999,-41.580002,25.340000
0.796810,-10.535598,1.473979,-33.740002,-43.820000,20.090000
1.488336,-10.344172,1.801795,-0.910000,-28.980000,-3.290000
1.875973,-10.195816,1.921437,9.030000,-18.410000,-12.180000
1.012164,-10.573883,1.031307,33.180000,17.850000,-32.270000
-0.478565,-10.841879,-0.066999,41.160000,12.110000,-23.379999
-1.182054,-10.741381,-0.220140,44.240002,-17.780001,-6.720000
-0.653241,-9.908678,0.468993,45.220001,-46.970001,8.260000
0.562313,-8.757731,1.339981,38.009998,-55.510002,12.670000
1.229911,-8.207381,1.880759,23.660000,-44.170002,6.720000
0.985843,-8.583055,2.108077,11.270000,-32.900002,2.310000
0.995414,-9.020942,2.105684,5.950000,-31.710001,6.090000
2.177469,-9.454042,2.696711,6.160000,-29.049999,6.160000
2.177469,-9.454042,2.696711,12.670000,-12.320000,5.460000
2.239682,-9.174082,2.955136,25.059999,11.550000,1.470000
0.550349,-8.860621,1.818545,33.740002,33.180000,-2.310000
-0.531207,-8.595018,1.105484,32.830002,38.990002,3.500000
-1.395016,-8.190632,1.127020,23.240000,19.879999,18.059999
-1.289732,-7.822137,1.636691,10.290000,-2.940000,23.870001
-0.622134,-7.625926,2.050649,-0.910000,-20.090000,24.080000
0.136391,-7.905886,2.830709,-10.080000,-25.480000,18.200001
0.619741,-8.504091,2.718246,-14.840000,-13.580000,10.150000
0.433101,-8.796017,3.002992,-10.990000,2.380000,5.040000
-0.014357,-8.946764,2.751746,0.770000,17.850000,-5.110000
-0.607777,-9.296116,2.232504,14.350000,27.370001,-16.379999
-1.378266,-9.556933,1.213161,22.540001,33.459999,-21.350000
-2.045863,-9.817751,1.497907,26.670000,23.590000,-18.410000
-2.146362,-9.750752,1.002593,26.600000,7.000000,-9.520000
-1.866402,-9.154939,1.342373,23.100000,-11.270000,4.270000
-1.462015,-8.676375,1.610370,11.340000,-22.049999,4.900000
-1.301696,-8.941978,2.270789,1.750000,-20.160000,-0.770000
-1.088734,-9.265009,2.045863,-6.230000,-19.460001,0.770000
-0.559920,-9.906286,2.572284,-12.950000,-13.020000,-0.420000
-0.504886,-10.380065,2.349752,-11.620000,-0.910000,7.420000
-0.940379,-10.327423,2.081756,-8.470000,11.200000,10.220000
-1.694118,-10.296316,1.672583,-8.050000,17.290001,9.380000
-2.244468,-10.382458,1.387837,-8.400000,14.980000,9.030000
-2.756532,-10.389636,0.993021,-7.420000,9.030000,8.120000
-3.180061,-10.504492,1.081556,-7.350000,0.210000,8.680000
-2.885744,-10.459028,1.081556,-7.700000,-11.480000,9.590000
-1.964507,-10.267602,1.548156,-5.810000,-14.070000,10.150000
-1.986043,-10.243673,1.739582,-4.690000,-8.890000,8.470000
-1.902294,-10.071390,1.497907,-6.580000,-5.250000,8.330000
-1.371087,-9.966106,1.844866,-8.470000,-8.750000,9.940000
-0.861416,-10.380065,1.782653,-6.440000,-3.500000,1.820000
-0.679562,-10.657632,1.718047,4.200000,7.630000,-6.790000
-0.756132,-10.619347,1.270589,15.190001,16.520000,-10.780000
-1.074377,-10.542776,1.117448,19.530001,19.320000,-8.540000
-1.447658,-10.384850,0.985843,19.809999,15.750000,-3.010000
-1.751546,-10.128819,0.784846,18.620001,7.140000,3.220000
-1.883151,-9.894321,0.827917,13.090000,-5.250000,9.240000
-1.600798,-9.765109,1.021735,6.720000,-19.600000,13.160000
-0.942772,-9.765109,1.402194,6.440000,-29.750000,6.650000
-0.466600,-9.879964,1.603191,8.750000,-28.070000,2.100000
-0.141177,-10.016356,1.624727,18.969999,-21.000000,-7.910000
0.399601,-10.152746,1.785046,22.190001,-15.610000,-7.560000
0.619741,-9.961320,1.938186,24.570000,-5.880000,-2.310000
0.263210,-9.714860,1.782653,24.010000,4.620000,3.640000
-0.306281,-9.351151,1.521835,19.740000,5.880000,9.100000
-0.789631,-9.044869,1.509871,15.400000,2.380000,13.300000
-0.995414,-8.618947,1.366302,10.710000,-1.400000,12.740000
-1.160519,-8.367701,1.421337,5.110000,-4.200000,5.880000
-0.703490,-8.714661,1.414158,-0.420000,-7.280000,-0.910000
-0.703490,-8.714661,1.414158,-5.600000,-8.400000,-6.300000
-0.227318,-9.164511,1.610370,-8.960000,-5.320000,-10.500000
0.081356,-9.494720,1.598405,-9.520000,2.100000,-8.330000
-0.533599,-9.525827,1.445265,-8.890000,10.500000,-4.760000
-0.969093,-9.343972,1.289732,-2.800000,14.910000,-5.950000
-1.162912,-9.006584,1.237089,1.680000,12.110000,-9.800000
-1.179662,-8.829515,1.115055,1.540000,8.750000,-14.140000
-1.129412,-8.822337,1.007378,-3.920000,4.270000,-16.240000
-1.131805,-9.097511,0.837488,-11.480000,-0.700000,-17.219999
-0.983450,-9.351151,0.923629,-15.400000,-6.020000,-18.900000
-0.588634,-9.521042,0.897308,-15.610000,-11.060000,-19.389999
-0.234497,-9.473185,1.124627,-14.770000,-10.850000,-19.180000
-0.066999,-9.516255,1.028914,-13.510000,-5.740000,-19.040001
0.165105,-9.918249,1.284946,-13.510000,-3.920000,-19.460001
0.294317,-10.088140,1.249053,-9.520000,2.800000,-16.379999
-0.004786,-10.147961,0.961915,-2.660000,11.970000,-14.490000
-0.251246,-10.348958,0.729811,2.520000,14.630000,-10.360000
-0.437887,-10.813165,0.440279,10.500000,14.980000,-8.540000
-0.753739,-10.865808,0.320638,24.920000,13.930000,-5.950000
-0.847059,-10.372886,0.361316,35.700001,8.680000,-7.210000
-0.727418,-9.918249,0.545564,40.740002,6.020000,-10.430000
-0.710668,-9.585647,0.488136,38.639999,4.760000,-11.410000
-0.808774,-9.372685,0.655633,31.219999,0.140000,-11.060000
-0.658026,-9.291330,0.959522,23.590000,-4.060000,-8.540000
-0.480957,-9.037691,1.146162,15.260000,-5.810000,-6.650000
-0.390030,-9.004191,1.392623,6.090000,-4.760000,-5.880000
-0.337388,-9.044869,1.385444,-2.730000,-3.430000,-6.370000
-0.244068,-9.190832,1.392623,-10.780000,-3.360000,-5.810000
-0.301496,-9.659825,1.158126,-18.200001,-2.240000,-4.270000
-0.502493,-9.753145,0.880559,-24.850000,-1.260000,0.140000
-0.638884,-9.789038,0.885344,-28.139999,-4.200000,3.500000
-0.648455,-9.722038,0.909273,-28.559999,-7.350000,3.640000
-0.452243,-9.882358,0.909273,-26.040001,-8.890000,1.470000
-0.346959,-9.796216,1.100698,-21.700001,-8.540000,-0.560000
-0.150748,-10.013963,1.107877,-17.570000,-5.250000,-5.390000
0.038285,-10.497313,0.997807,-11.200000,-0.910000,-10.920000
-0.179462,-10.645668,0.760918,3.290000,6.300000,-16.100000
-0.196211,-10.499706,0.729811,14.490000,7.910000,-16.170000
-0.064606,-10.279566,0.823131,17.150000,4.830000,-12.670000
-0.033500,-9.987641,0.763310,15.610000,4.830000,-6.860000
-0.212961,-9.791430,0.763310,13.300000,4.620000,-5.740000
-0.251246,-9.702895,0.789631,6.650000,1.330000,-0.910000
-0.248854,-9.614362,0.801596,-2.590000,-3.640000,2.660000
-0.215354,-9.504292,0.713061,-8.330000,-5.950000,1.820000
-0.215354,-9.695717,0.641276,-13.160000,-7.840000,0.770000
-0.143569,-9.815358,0.703490,-15.820000,-10.570000,3.150000
0.047856,-9.903893,0.705883,-17.639999,-11.270000,2.800000
0.148355,-10.114462,0.698704,-14.560000,-7.630000,0.280000
0.076570,-10.224532,0.569492,-8.610000,-3.710000,-2.030000
-0.057428,-10.131211,0.543171,-4.620000,-3.080000,-3.010000
-0.095713,-9.994821,0.543171,-1.190000,-3.010000,-3.360000
-0.126820,-9.848858,0.471386,0.420000,-2.590000,-4.830000
-0.167498,-9.726824,0.409173,-1.470000,-3.570000,-4.340000
-0.265603,-9.564112,0.404387,-5.460000,-5.250000,-3.080000
-0.334995,-9.516255,0.337388,-10.080000,-7.140000,-2.590000
-0.267996,-9.619147,0.368495,-12.950000,-9.240000,-2.870000
-0.169890,-9.597611,0.497707,-15.470000,-11.480000,-1.960000
-0.076570,-9.497113,0.490529,-17.430000,-11.480000,-0.490000
-0.105284,-9.444471,0.512064,-19.389999,-10.500000,-0.280000
-0.122034,-9.463614,0.320638,-21.559999,-10.500000,-1.120000
0.043071,-9.523434,0.526421,-24.219999,-11.690000,-2.800000
0.107677,-9.595219,0.471386,-25.059999,-10.780000,-2.870000
0.150748,-9.750752,0.401994,-25.690001,-9.100000,-3.500000
0.212961,-10.042676,0.332602,-25.200001,-7.560000,-5.180000
0.291924,-10.308280,0.189033,-21.000000,-5.950000,-5.880000
0.294317,-10.320245,0.401994,-14.140000,-3.220000,-4.690000
0.208176,-10.255639,0.277567,-7.140000,0.070000,-4.200000
0.122034,-10.124033,0.217747,-1.890000,1.260000,-1.680000
0.165105,-9.872787,0.150748,-2.100000,0.700000,-0.840000
0.088534,-9.712467,0.138784,-5.320000,0.560000,-0.490000
0.035892,-9.719646,0.122034,-9.310000,-1.120000,0.770000
0.023928,-9.789038,0.227318,-11.970000,-3.640000,2.590000
0.086142,-9.839286,0.191426,-13.720000,-5.040000,5.040000
-0.102891,-9.858429,0.251246,-15.190001,-5.390000,7.350000
-0.150748,-9.966106,0.349352,-14.140000,-5.110000,8.680000
-0.279960,-9.829715,0.294317,-11.060000,-4.550000,9.590000
-0.411566,-9.650253,0.196211,-10.010000,-4.410000,7.770000
-0.411566,-9.650253,0.196211,-10.570000,-4.970000,7.700000
-0.349352,-9.757930,0.021535,-12.530000,-7.280000,8.470000
-0.155533,-9.870394,0.174676,-15.680000,-10.150000,8.050000
-0.112463,-10.114462,0.294317,-15.120000,-8.960000,6.720000
-0.086142,-10.202995,0.323031,-10.990000,-7.210000,5.460000
-0.059821,-10.126426,0.370888,-5.320000,-6.090000,4.060000
-0.052642,-10.004392,0.272782,-0.700000,-4.410000,1.890000
-0.122034,-9.879964,0.129212,1.750000,-1.820000,-0.420000
-0.196211,-9.829715,-0.043071,1.190000,-2.170000,-0.560000
-0.179462,-9.743573,-0.045464,-4.270000,-5.460000,3.080000
-0.229711,-9.647861,-0.172283,-6.510000,-6.090000,3.780000
-0.208176,-9.695717,-0.203390,-10.500000,-8.190000,4.060000
-0.186640,-9.772287,-0.153141,-13.790000,-11.550000,2.730000
-0.057428,-9.932607,0.052642,-13.930000,-11.340000,1.750000
-0.028714,-10.097712,0.004786,-11.900000,-7.490000,0.560000
-0.093320,-10.248460,-0.050249,-9.310000,-5.670000,0.140000
-0.105284,-10.447062,-0.160319,-5.810000,-4.900000,-0.280000
-0.031107,-10.514063,-0.023928,-0.140000,-3.780000,0.350000
-0.031107,-10.372886,-0.076570,5.180000,-1.190000,0.560000
-0.088534,-10.291530,-0.102891,6.650000,0.490000,0.630000
-0.184247,-10.234102,-0.126820,7.630000,-0.420000,2.520000
-0.153141,-10.085747,-0.105284,8.050000,-2.380000,3.360000
-0.055035,-9.987641,-0.014357,6.650000,-2.450000,3.150000
-0.100499,-9.982857,-0.057428,5.740000,-1.470000,3.220000
-0.193819,-9.927821,-0.023928,5.110000,-1.470000,1.610000
-0.239282,-9.923036,-0.133998,4.970000,-2.520000,0.700000
-0.181855,-9.927821,-0.205783,3.990000,-3.850000,0.840000
-0.155533,-9.896714,-0.224925,3.150000,-4.550000,1.050000
-0.093320,-9.911072,-0.258425,1.610000,-5.880000,1.330000
-0.043071,-9.949356,-0.148355,0.070000,-6.090000,1.680000
-0.055035,-9.954143,-0.150748,0.070000,-5.460000,2.170000
0.007178,-9.978070,0.028714,2.030000,-4.410000,1.890000
-0.002393,-9.860823,-0.057428,4.340000,-2.170000,1.470000
-0.193819,-9.726824,-0.023928,5.110000,-0.070000,1.120000
-0.287139,-9.643075,-0.098106,4.270000,0.490000,0.980000
-0.323031,-9.530612,-0.222532,0.980000,-0.420000,0.980000
-0.401994,-9.626326,-0.334995,-4.900000,-1.260000,1.050000
-0.445065,-9.815358,-0.380459,-9.730000,-2.800000,1.750000
-0.385244,-9.923036,-0.378066,-11.760000,-5.600000,2.870000
-0.351745,-9.932607,-0.380459,-13.090000,-6.930000,4.200000
-0.323031,-10.167104,-0.401994,-13.230000,-7.560000,4.550000
-0.224925,-10.396815,-0.373280,-10.220000,-5.320000,4.830000
-0.227318,-10.502099,-0.430708,-4.270000,-2.800000,3.920000
-0.239282,-10.628918,-0.272782,4.550000,-0.490000,3.360000
-0.306281,-10.394422,-0.368495,11.830000,2.240000,3.710000
-0.435494,-10.135997,-0.375673,15.890000,4.270000,3.500000
-0.569492,-9.899107,-0.325424,17.990000,4.690000,2.730000
-0.689133,-9.683753,-0.385244,18.059999,3.990000,1.890000
-0.727418,-9.492328,-0.366102,16.240000,2.870000,0.630000
-0.811167,-9.437292,-0.373280,12.390000,0.840000,-0.350000
-0.849452,-9.432507,-0.323031,6.790000,-2.380000,0.420000
-0.768096,-9.501899,-0.119641,2.380000,-5.110000,1.820000
-0.535992,-9.604790,-0.088534,-0.140000,-6.230000,1.540000
-0.447458,-9.760324,-0.026321,-1.890000,-5.740000,2.520000
-0.306281,-9.832108,-0.004786,-0.910000,-4.620000,3.500000
-0.258425,-9.887143,-0.057428,1.540000,-2.380000,3.010000
-0.445065,-9.879964,-0.088534,3.850000,0.350000,4.200000
-0.555135,-9.724431,-0.129212,6.580000,0.840000,4.760000
-0.617348,-9.602397,-0.090927,9.520000,-0.350000,3.220000
-0.488136,-9.497113,0.023928,10.430000,-2.100000,0.980000
-0.370888,-9.480364,0.059821,10.780000,-3.290000,-1.610000
-0.287139,-9.468399,0.200997,10.430000,-3.640000,-3.360000
-0.217747,-9.430114,0.210568,8.400000,-3.220000,-3.780000
-0.189033,-9.437292,0.220140,7.210000,-3.570000,-3.500000
-0.078963,-9.487542,0.248854,5.180000,-4.060000,-3.010000
-0.107677,-9.525827,0.409173,2.520000,-3.360000,-2.030000
-0.076570,-9.499505,0.380459,1.400000,-2.730000,-1.610000
-0.129212,-9.578469,0.404387,1.400000,-2.520000,-2.170000
-0.105284,-9.604790,0.437887,-0.910000,-2.450000,-3.010000
-0.102891,-9.626326,0.351745,-0.280000,-2.240000,-6.160000
-0.045464,-9.820145,0.315853,-0.630000,-1.890000,-7.490000
0.007178,-9.877571,0.339781,-2.870000,-1.470000,-5.880000
-0.028714,-9.966106,0.344566,-5.880000,-0.420000,-3.850000
-0.157926,-10.179067,0.169890,-7.700000,-0.070000,-1.260000
-0.239282,-10.310673,0.122034,-7.420000,-0.560000,0.630000
-0.303888,-10.382458,0.122034,-4.830000,-0.700000,1.190000
-0.373280,-10.375278,0.117248,-0.070000,-0.210000,-0.350000
-0.442672,-10.272388,0.031107,4.970000,0.630000,-2.030000
-0.447458,-10.080962,0.090927,8.190000,0.490000,-2.450000
-0.459422,-9.934999,0.129212,8.470000,0.490000,-2.030000
-0.495314,-9.841680,0.059821,6.720000,0.490000,-2.450000
-0.461815,-9.903893,0.129212,4.200000,-1.610000,-2.520000
-0.334995,-9.860823,0.126820,1.330000,-3.430000,-1.610000
-0.306281,-9.856036,0.212961,-1.050000,-3.570000,-0.280000
-0.232104,-9.944571,0.200997,-3.500000,-3.150000,0.140000
-0.186640,-10.176675,0.181855,-5.180000,-2.870000,1.470000
-0.167498,-10.193424,0.270389,-3.850000,-2.100000,2.590000
-0.186640,-10.236496,0.241675,0.420000,-0.070000,1.470000
-0.251246,-10.126426,0.227318,5.950000,2.240000,-0.280000
-0.373280,-9.954143,0.167498,9.590000,3.010000,-1.260000
-0.354138,-9.810574,0.236889,9.940000,1.960000,-0.840000
-0.351745,-9.734003,0.253639,5.740000,0.700000,0.770000
-0.387637,-9.655040,0.270389,0.420000,-0.280000,1.960000
-0.394816,-9.801002,0.222532,-4.130000,-2.310000,2.870000
-0.380459,-9.848858,0.260818,-5.040000,-3.500000,3.290000
-0.291924,-9.923036,0.253639,-4.690000,-3.780000,2.590000
-0.253639,-9.930215,0.327817,-3.010000,-2.870000,1.960000
-0.229711,-9.918249,0.334995,-0.490000,-1.260000,0.980000
-0.179462,-9.875179,0.320638,1.540000,-0.350000,0.350000
-0.215354,-9.738789,0.308674,2.450000,0.420000,0.350000
-0.248854,-9.695717,0.378066,2.240000,0.560000,-0.280000
-0.198604,-9.652647,0.224925,0.210000,-0.070000,-0.280000
-0.272782,-9.655040,0.313460,-4.760000,-0.980000,0.560000
-0.311067,-9.705289,0.313460,-8.190000,-2.730000,1.680000
-0.191426,-9.717253,0.311067,-10.990000,-3.640000,3.570000
-0.203390,-9.690931,0.265603,-13.930000,-3.220000,4.340000
-0.327817,-9.750752,0.162712,-16.590000,-2.590000,5.180000
-0.361316,-9.891929,0.098106,-17.430000,-2.800000,4.900000
-0.311067,-10.023535,0.040678,-16.170000,-3.430000,3.920000
-0.196211,-10.176675,0.074178,-13.580000,-3.500000,2.800000
-0.141177,-10.269995,0.047856,-9.800000,-1.190000,2.520000
-0.205783,-10.186246,0.055035,-4.340000,1.610000,2.310000
-0.356531,-10.078569,-0.062213,3.500000,3.710000,1.260000
-0.478565,-9.875179,-0.117248,4.970000,5.180000,0.700000
-0.622134,-9.817751,-0.196211,5.040000,4.550000,-0.210000
-0.598206,-9.717253,-0.234497,2.940000,1.890000,0.490000
-0.535992,-9.643075,-0.227318,-1.680000,-0.980000,1.610000
-0.507278,-9.688539,-0.239282,-4.200000,-1.470000,1.470000
-0.495314,-9.848858,-0.196211,-4.340000,-1.750000,1.260000
-0.471386,-9.844072,-0.174676,-2.730000,-2.100000,0.910000
-0.385244,-9.879964,-0.114855,-0.560000,-1.890000,0.560000
-0.370888,-9.808180,-0.064606,1.260000,-0.770000,-0.770000
-0.358923,-9.815358,-0.059821,2.800000,0.140000,-1.330000
-0.404387,-9.726824,-0.076570,3.150000,0.070000,-1.470000
-0.385244,-9.729217,-0.055035,2.590000,0.140000,-2.590000
-0.358923,-9.741181,-0.078963,1.260000,0.280000,-2.170000
-0.351745,-9.779467,-0.064606,-0.630000,-0.210000,-1.610000
-0.394816,-9.951750,-0.062213,-1.680000,-0.560000,-1.890000
-0.361316,-10.045070,-0.050249,-2.170000,-1.820000,-1.470000
-0.284746,-10.217353,-0.011964,-1.120000,-2.170000,-1.050000
-0.200997,-10.188639,0.062213,1.190000,-1.750000,-0.070000
-0.239282,-10.150353,0.059821,3.430000,-0.420000,0.350000
-0.332602,-10.109675,0.021535,5.600000,0.770000,0.560000
-0.330210,-9.982857,0.026321,7.350000,0.700000,0.420000
-0.272782,-9.870394,0.062213,8.120000,0.700000,0.210000
-0.354138,-9.765109,0.031107,7.490000,-0.210000,0.280000
-0.339781,-9.722038,0.086142,5.250000,-0.350000,0.420000
-0.332602,-9.767502,0.040678,2.520000,-0.910000,0.070000
-0.256032,-9.798609,0.093320,0.490000,-2.450000,1.120000
-0.189033,-9.827322,0.100499,-1.190000,-2.870000,2.240000
-0.162712,-9.915856,0.040678,-3.150000,-2.240000,3.010000
-0.198604,-9.980463,0.059821,-2.800000,-0.490000,3.290000
-0.279960,-10.140782,-0.083749,-0.980000,0.280000,2.240000
-0.356531,-10.217353,-0.007178,2.100000,0.140000,3.640000
-0.308674,-10.061819,-0.076570,5.810000,0.070000,3.010000
-0.363709,-9.990034,0.019143,8.750000,1.330000,0.770000
-0.437887,-9.901501,0.047856,9.940000,1.680000,0.070000
-0.483350,-9.817751,0.083749,9.450000,0.840000,1.120000
-0.459422,-9.726824,0.112463,8.400000,0.280000,0.070000
-0.421137,-9.781858,0.205783,7.490000,-0.210000,0.280000
-0.382852,-9.659825,0.205783,4.900000,-0.280000,2.310000
-0.397209,-9.609575,0.172283,0.630000,-0.420000,3.010000
-0.351745,-9.779467,0.212961,-2.520000,-1.960000,3.010000
-0.253639,-9.865608,0.205783,-3.080000,-2.590000,2.800000
-0.248854,-9.946963,0.169890,-3.290000,-2.100000,3.010000
-0.313460,-9.958927,0.193819,-1.050000,-0.770000,2.380000
-0.332602,-9.973285,0.150748,1.820000,0.210000,1.540000
-0.363709,-9.911072,0.232104,4.480000,0.630000,0.490000
-0.358923,-9.817751,0.196211,7.140000,1.330000,-0.140000
-0.409173,-9.669396,0.279960,7.840000,2.030000,-0.630000
-0.461815,-9.609575,0.174676,6.300000,1.960000,-1.050000
-0.473779,-9.578469,0.165105,2.730000,0.980000,-0.560000
-0.459422,-9.678967,0.129212,-1.400000,-0.490000,1.190000
-0.435494,-9.729217,0.220140,-3.990000,-1.750000,2.940000
-0.485743,-9.829715,0.220140,-4.550000,-1.890000,3.290000
-0.500100,-9.815358,0.172283,-3.850000,-1.260000,2.730000
-0.459422,-9.841680,0.112463,-1.680000,-1.820000,0.840000
-0.423530,-9.906286,0.258425,-0.280000,-1.330000,0.630000
-0.401994,-9.767502,0.215354,0.140000,0.560000,1.120000
-0.495314,-9.698111,0.198604,-0.210000,2.240000,0.490000
-0.638884,-9.753145,0.136391,-0.980000,1.470000,0.490000
-0.638884,-9.688539,0.093320,-1.960000,-0.980000,0.840000
-0.579063,-9.690931,0.081356,-3.500000,-2.520000,0.560000
-0.464208,-9.796216,0.098106,-5.530000,-2.590000,0.980000
-0.425922,-9.858429,0.136391,-5.530000,-0.980000,1.680000
-0.485743,-9.827322,0.165105,-4.270000,-0.420000,1.190000
-0.528814,-9.879964,0.093320,-2.520000,-0.700000,1.190000
-0.521635,-9.832108,0.064606,-0.700000,-1.120000,-1.260000
-0.375673,-10.028319,0.124427,-0.140000,-1.330000,-2.590000
-0.368495,-9.994821,0.198604,1.330000,0.560000,-2.450000
-0.358923,-9.982857,0.165105,3.500000,1.190000,-0.910000
-0.401994,-9.834501,0.227318,4.270000,1.120000,-0.980000
-0.390030,-9.872787,0.143569,4.130000,1.400000,-1.470000
-0.413958,-9.846465,0.205783,3.290000,0.980000,-1.400000
-0.390030,-9.781858,0.210568,2.450000,0.630000,-1.120000
-0.363709,-9.789038,0.205783,1.750000,0.910000,-0.980000
-0.406780,-9.786645,0.217747,0.490000,0.910000,-0.350000
-0.478565,-9.777073,0.136391,-0.630000,0.770000,0.210000
-0.452243,-9.779467,0.143569,-1.610000,0.070000,-0.350000
-0.406780,-9.836893,0.055035,-2.870000,-1.470000,-0.210000
-0.311067,-9.927821,0.169890,-4.200000,-1.960000,0.560000
-0.303888,-9.915856,0.145962,-3.570000,0.350000,1.750000
-0.358923,-9.949356,0.136391,-1.820000,1.400000,0.980000
-0.466600,-9.939785,0.107677,0.210000,1.400000,0.280000
-0.519243,-9.915856,0.098106,1.890000,1.190000,-0.420000
-0.459422,-9.848858,-0.031107,1.750000,0.070000,-0.910000
-0.437887,-9.789038,0.119641,0.840000,-0.070000,-0.280000
-0.397209,-9.793823,0.119641,-0.350000,0.280000,0.350000
-0.418744,-9.808180,0.143569,-1.330000,0.630000,0.560000
-0.480957,-9.796216,0.076570,-1.750000,0.210000,0.490000
-0.490529,-9.841680,0.066999,-1.750000,-0.700000,0.490000
-0.445065,-9.863215,0.090927,-1.120000,-1.400000,0.140000
-0.346959,-9.817751,0.253639,-0.420000,-0.490000,0.210000
-0.430708,-9.678967,0.167498,0.070000,0.210000,0.280000
-0.492921,-9.693325,0.200997,0.840000,1.960000,-0.840000
-0.524028,-9.712467,0.155533,-0.210000,1.540000,-1.260000
-0.507278,-9.717253,0.066999,-1.960000,0.350000,-1.260000
-0.468993,-9.777073,0.095713,-3.710000,-0.560000,-0.770000
-0.382852,-9.863215,0.062213,-5.950000,-1.050000,0.350000
-0.399601,-9.920642,0.057428,-7.560000,-1.120000,1.470000
-0.397209,-9.956534,-0.002393,-8.540000,-1.750000,2.310000
-0.430708,-9.968499,-0.045464,-8.400000,-1.750000,2.030000
-0.440279,-10.057034,-0.002393,-6.580000,-1.400000,0.700000
-0.392423,-10.052249,-0.011964,-4.830000,-1.540000,0.140000
-0.349352,-9.992428,-0.014357,-3.570000,-1.190000,0.420000
-0.411566,-9.942179,0.014357,-2.660000,-0.420000,0.770000
-0.406780,-9.999605,-0.047856,-1.890000,-0.420000,0.630000
-0.406780,-9.975677,-0.162712,-0.980000,0.210000,0.420000
-0.409173,-10.025927,-0.069392,-0.350000,0.070000,0.840000
-0.392423,-9.997212,-0.102891,0.490000,-0.070000,0.770000
-0.373280,-9.975677,-0.126820,0.770000,-0.070000,0.560000
-0.468993,-9.927821,-0.083749,0.980000,0.070000,0.770000
-0.524028,-9.961320,-0.081356,1.610000,-0.210000,0.280000
-0.492921,-9.946963,-0.028714,2.380000,-0.700000,0.140000
-0.514457,-9.844072,-0.023928,2.380000,-0.910000,0.350000
-0.471386,-9.844072,0.078963,2.450000,-0.840000,0.420000
-0.502493,-9.774680,0.052642,2.170000,-0.420000,0.490000
-0.504886,-9.755538,0.062213,1.540000,-0.840000,-0.210000
-0.361316,-9.736395,0.095713,0.560000,-1.120000,0.280000
-0.394816,-9.762716,0.117248,0.280000,-0.770000,1.050000
-0.440279,-9.695717,0.062213,0.840000,0.280000,0.560000
-0.485743,-9.734003,0.081356,0.140000,0.210000,0.140000
-0.476172,-9.808180,0.131605,-0.490000,-0.700000,0.070000
-0.416351,-9.745967,0.105284,-0.560000,-0.770000,0.770000
-0.433101,-9.748360,0.064606,-0.980000,0.070000,0.490000
-0.514457,-9.805787,0.038285,-1.750000,0.560000,0.420000
-0.550349,-9.784252,0.043071,-1.260000,0.210000,0.910000
-0.559920,-9.762716,0.031107,-0.350000,-0.560000,0.210000
-0.526421,-9.781858,0.019143,-0.420000,-0.630000,-0.420000
-0.461815,-9.789038,0.009571,-0.980000,-0.280000,-0.560000
-0.473779,-9.872787,-0.028714,-1.050000,-0.140000,-0.560000
-0.457029,-9.894321,-0.007178,-1.540000,-0.140000,-0.560000
-0.507278,-9.884750,-0.021535,-1.400000,-0.140000,0.350000
-0.507278,-9.891929,-0.014357,-0.560000,-0.070000,-0.280000
-0.564706,-9.939785,-0.026321,0.070000,-0.280000,-1.190000
-0.552742,-9.896714,-0.052642,-0.420000,-1.330000,-1.120000
-0.461815,-9.932607,-0.033500,-1.260000,-2.170000,-0.420000
-0.413958,-9.913465,0.043071,-1.890000,-1.820000,-0.490000
-0.437887,-9.970891,-0.004786,-2.100000,-1.540000,-0.770000
-0.447458,-10.035499,0.102891,-1.400000,-1.890000,0.070000
-0.375673,-9.990034,-0.066999,-1.050000,-2.100000,0.490000
-0.337388,-9.973285,0.038285,-0.210000,-1.610000,0.770000
-0.332602,-9.999605,0.064606,0.770000,-0.280000,0.350000
-0.437887,-9.963714,0.052642,1.330000,0.140000,0.420000
-0.435494,-9.939785,0.074178,3.150000,0.280000,-0.140000
-0.411566,-9.884750,0.052642,2.730000,0.070000,0.350000
-0.433101,-9.853643,0.050249,2.170000,-0.070000,0.980000
-0.425922,-9.879964,0.040678,1.680000,-0.280000,0.630000
-0.495314,-9.846465,0.014357,0.910000,-0.560000,0.980000
-0.464208,-9.817751,0.035892,0.350000,-1.330000,1.820000
-0.413958,-9.791430,0.033500,0.210000,-1.050000,1.260000
-0.425922,-9.863215,-0.004786,-0.420000,-1.050000,0.700000
-0.495314,-9.853643,-0.052642,-0.280000,0.140000,0.980000
-0.550349,-9.896714,-0.076570,0.070000,-0.630000,1.050000
-0.555135,-9.891929,-0.043071,0.840000,-1.470000,0.910000
-0.509671,-9.877571,-0.019143,1.400000,-1.260000,0.350000
-0.478565,-9.944571,-0.019143,1.820000,-1.260000,0.070000
-0.480957,-9.877571,-0.014357,2.240000,-1.190000,1.820000
-0.457029,-9.734003,-0.028714,2.170000,-0.490000,1.610000
-0.473779,-9.798609,-0.007178,1.330000,-0.630000,0.700000
-0.459422,-9.841680,0.045464,1.120000,-1.050000,1.190000
-0.464208,-9.844072,0.038285,1.400000,-0.700000,0.910000
-0.502493,-9.899107,0.095713,1.540000,-0.560000,-0.070000
-0.495314,-9.856036,0.122034,1.610000,-0.840000,-0.070000
-0.519243,-9.858429,0.021535,1.260000,-1.260000,0.070000
-0.473779,-9.836893,0.083749,0.630000,-1.470000,0.140000
-0.440279,-9.894321,0.117248,0.490000,-1.330000,0.140000
-0.433101,-9.841680,0.045464,0.560000,-1.680000,-0.070000
-0.416351,-9.781858,0.129212,0.980000,-1.610000,-0.210000
-0.437887,-9.820145,0.141177,1.400000,-0.700000,-0.490000
-0.478565,-9.868000,0.133998,1.540000,-0.700000,-0.350000
-0.502493,-9.789038,0.157926,2.240000,0.280000,0.350000
-0.509671,-9.702895,0.105284,3.220000,0.700000,0.280000
-0.500100,-9.671788,0.105284,3.850000,0.770000,-0.840000
-0.488136,-9.578469,0.165105,3.010000,0.420000,-1.190000
-0.447458,-9.583255,0.198604,1.050000,0.070000,-0.770000
-0.459422,-9.585647,0.189033,-0.630000,-0.140000,-0.910000
-0.464208,-9.638289,0.167498,-2.030000,0.210000,-0.980000
-0.464208,-9.719646,0.148355,-4.130000,-0.280000,-0.770000
-0.413958,-9.801002,0.160319,-5.460000,-0.350000,-0.070000
-0.478565,-9.829715,0.105284,-5.460000,0.280000,0.350000
-0.552742,-9.937392,0.059821,-5.040000,0.700000,0.350000
-0.492921,-10.006784,0.040678,-4.340000,-0.490000,-0.210000
-0.442672,-10.030712,0.023928,-3.220000,-0.560000,-0.490000
-0.445065,-10.045070,-0.002393,-1.610000,-0.140000,-1.120000
-0.382852,-10.102496,0.019143,-0.700000,0.350000,-1.120000
-0.392423,-10.066606,-0.019143,-0.490000,0.420000,-0.070000
-0.394816,-10.001998,0.064606,-0.490000,0.350000,0.630000
-0.342174,-9.934999,0.038285,-0.490000,0.700000,0.490000
-0.390030,-9.990034,0.102891,-0.140000,0.910000,0.840000
-0.401994,-9.911072,0.031107,-0.210000,1.750000,1.890000
-0.471386,-9.887143,0.062213,-0.980000,1.610000,1.750000
-0.557528,-9.946963,-0.066999,-0.210000,1.120000,1.120000
-0.557528,-9.946963,-0.066999,-0.210000,0.490000,1.050000
-0.404387,-9.844072,-0.102891,0.070000,-0.280000,1.260000
-0.435494,-9.870394,0.004786,-0.280000,-0.420000,0.630000
-0.390030,-9.901501,-0.055035,0.140000,0.350000,0.980000
-0.468993,-9.908678,0.023928,0.560000,0.350000,1.260000
-0.476172,-9.918249,-0.031107,1.120000,0.700000,1.120000
-0.557528,-9.812965,-0.021535,1.750000,0.840000,0.490000
-0.576670,-9.834501,-0.021535,1.750000,0.560000,0.350000
-0.579063,-9.805787,0.009571,1.960000,0.280000,0.070000
-0.521635,-9.789038,0.004786,1.960000,0.070000,-0.420000
-0.521635,-9.796216,0.035892,0.630000,-0.560000,-0.770000
-0.478565,-9.848858,0.062213,-0.280000,-0.700000,-0.770000
-0.468993,-9.812965,0.057428,-0.560000,-0.910000,0.630000
-0.497707,-9.856036,0.040678,-0.770000,-1.190000,0.280000
-0.401994,-9.896714,0.055035,-0.560000,-1.190000,0.700000
-0.437887,-9.903893,0.081356,-0.070000,-0.420000,0.840000
-0.483350,-9.937392,0.107677,1.120000,-0.350000,0.770000
-0.476172,-9.894321,0.100499,2.310000,-0.350000,0.980000
-0.516850,-9.779467,0.136391,2.940000,0.490000,0.420000
-0.516850,-9.741181,0.081356,2.940000,0.770000,0.420000
-0.547956,-9.736395,0.050249,2.030000,0.350000,0.210000
-0.531207,-9.698111,0.102891,0.770000,0.350000,0.840000
-0.483350,-9.676575,0.160319,-0.140000,0.350000,0.840000
-0.504886,-9.714860,0.124427,-1.190000,0.070000,0.280000
-0.468993,-9.762716,0.093320,-2.520000,-0.560000,0.350000
-0.492921,-9.803394,0.162712,-2.730000,-0.700000,0.140000
-0.468993,-9.879964,0.129212,-2.170000,-0.700000,-0.420000
-0.457029,-9.877571,0.112463,-2.030000,-0.700000,-0.350000
-0.447458,-9.934999,0.011964,-1.890000,0.350000,0.770000
-0.461815,-9.968499,0.019143,-1.330000,0.630000,0.770000
-0.495314,-9.927821,-0.009571,-0.140000,0.700000,0.560000
-0.447458,-9.942179,0.023928,0.770000,0.630000,0.280000
-0.485743,-9.856036,0.031107,1.260000,0.560000,0.350000
-0.497707,-9.815358,0.059821,0.980000,0.840000,0.210000
-0.526421,-9.851252,0.021535,0.420000,0.910000,-0.070000
-0.576670,-9.841680,-0.040678,-0.560000,0.420000,0.490000
-0.550349,-9.918249,-0.035892,-1.400000,0.420000,0.560000
-0.476172,-9.973285,-0.043071,-1.750000,-0.210000,0.420000
-0.461815,-10.013963,-0.086142,-1.610000,-0.280000,0.910000
-0.490529,-9.975677,-0.129212,-1.190000,-0.070000,1.540000
-0.516850,-9.968499,-0.055035,-0.070000,-0.070000,1.050000
-0.564706,-9.949356,-0.083749,1.400000,-0.070000,0.420000
-0.480957,-9.937392,-0.031107,2.240000,-0.210000,0.490000
-0.478565,-9.894321,0.066999,3.150000,-0.210000,0.770000
-0.485743,-9.841680,0.043071,3.710000,0.420000,0.350000
-0.452243,-9.777073,0.064606,3.640000,0.560000,0.070000
-0.488136,-9.741181,0.112463,3.080000,0.210000,0.490000
-0.490529,-9.748360,0.119641,2.310000,0.420000,0.700000
-0.466600,-9.745967,0.078963,1.120000,0.700000,0.980000
-0.488136,-9.741181,0.172283,-0.280000,0.770000,1.400000
-0.488136,-9.741181,0.172283,-0.210000,0.910000,1.400000
-0.514457,-9.803394,0.200997,-0.630000,0.490000,1.400000
-0.512064,-9.803394,0.076570,-1.190000,0.280000,0.980000
-0.507278,-9.923036,0.078963,-1.960000,0.420000,1.120000
-0.485743,-9.956534,0.043071,-2.030000,0.490000,1.330000
-0.507278,-9.930215,0.100499,-0.350000,0.630000,0.980000
-0.480957,-9.913465,0.086142,1.050000,0.770000,0.490000
-0.437887,-9.939785,0.057428,1.470000,0.840000,0.280000
-0.531207,-9.860823,0.110070,1.680000,1.470000,0.980000
-0.526421,-9.803394,0.021535,1.540000,2.170000,1.050000
-0.638884,-9.820145,-0.028714,0.140000,1.470000,0.560000
-0.665205,-9.832108,-0.069392,-1.750000,0.420000,1.190000
-0.617348,-9.841680,-0.081356,-3.080000,-0.070000,2.100000
-0.626920,-9.906286,-0.119641,-4.130000,-0.420000,1.680000
-0.600598,-9.968499,-0.074178,-3.850000,-0.910000,1.680000
-0.564706,-9.987641,-0.055035,-1.330000,-1.120000,1.330000
-0.516850,-10.006784,-0.093320,0.280000,-0.350000,1.260000
-0.579063,-9.954143,-0.110070,1.190000,0.420000,1.540000
-0.610170,-9.906286,-0.059821,1.540000,0.490000,0.910000
-0.607777,-9.920642,-0.004786,2.590000,-0.280000,1.120000
-0.569492,-9.820145,0.007178,2.730000,-0.980000,1.050000
-0.502493,-9.753145,0.105284,2.660000,-0.210000,0.140000
-0.519243,-9.832108,0.107677,2.870000,0.280000,-0.140000
-0.567099,-9.724431,0.193819,2.660000,0.280000,0.210000
-0.545564,-9.707682,0.136391,2.100000,0.210000,0.280000
-0.588634,-9.726824,0.167498,2.100000,0.420000,0.140000
-0.579063,-9.738789,0.265603,1.820000,0.490000,-0.490000
-0.540778,-9.736395,0.251246,1.050000,0.420000,-0.280000
-0.579063,-9.757930,0.320638,1.190000,0.980000,-0.560000
-0.571885,-9.760324,0.272782,0.630000,1.540000,-0.560000
-0.605384,-9.695717,0.318245,0.140000,1.470000,-0.560000
-0.605384,-9.650253,0.193819,0.140000,1.960000,-0.210000
-0.562313,-9.688539,0.294317,0.140000,1.960000,-0.630000
-0.559920,-9.623933,0.263210,0.280000,3.010000,-0.560000
-0.619741,-9.635897,0.191426,0.140000,3.640000,-1.190000
-0.636491,-9.686146,0.119641,-0.420000,3.430000,-0.910000
-0.612563,-9.714860,0.105284,-0.700000,2.940000,-0.420000
-0.631705,-9.643075,0.117248,-1.050000,2.660000,-0.350000
-0.569492,-9.678967,0.138784,-1.120000,1.960000,-0.910000
-0.579063,-9.664611,0.110070,-1.190000,3.010000,-0.420000
-0.648455,-9.590433,0.145962,-1.050000,3.710000,-1.050000
-0.622134,-9.702895,0.215354,-0.630000,4.340000,-1.960000
-0.653241,-9.676575,0.095713,0.280000,4.480000,-1.190000
-0.708275,-9.564112,0.007178,-0.630000,5.530000,-1.540000
-0.782453,-9.623933,0.009571,-1.890000,4.620000,-2.520000
-0.746561,-9.712467,0.040678,-2.170000,2.450000,-2.310000
-0.638884,-9.678967,0.062213,-1.960000,2.170000,-2.660000
-0.588634,-9.774680,0.090927,-1.400000,3.360000,-4.410000
-0.598206,-9.848858,0.098106,0.140000,4.200000,-5.320000
-0.547956,-9.805787,0.119641,3.010000,3.850000,-6.440000
-0.547956,-9.805787,0.119641,3.290000,3.570000,-7.350000
-0.282353,-9.812965,0.172283,2.660000,3.150000,-8.120000
-0.179462,-9.772287,0.256032,0.210000,2.870000,-5.670000
-0.112463,-9.906286,0.179462,-4.690000,3.080000,-4.620000
-0.074178,-9.999605,0.229711,-6.930000,3.150000,-3.080000
-0.021535,-10.085747,0.141177,-8.260000,2.940000,-2.450000
0.016750,-10.234102,0.081356,-7.700000,3.780000,-2.660000
-0.052642,-10.236496,0.122034,-6.160000,5.880000,-1.960000
-0.069392,-10.310673,0.066999,-4.340000,7.140000,-1.960000
-0.141177,-10.279566,0.050249,-1.120000,7.910000,-2.030000
-0.284746,-10.092925,-0.014357,2.870000,9.240000,-1.890000
-0.390030,-9.872787,0.035892,5.530000,10.220000,-2.940000
-0.468993,-9.853643,0.040678,5.740000,9.660000,-4.620000
-0.483350,-9.817751,0.110070,3.990000,8.680000,-4.270000
-0.492921,-9.791430,0.090927,1.050000,7.560000,-2.730000
-0.466600,-9.908678,0.083749,-2.170000,6.160000,-3.290000
-0.435494,-9.942179,0.064606,-2.380000,6.580000,-3.080000
-0.433101,-10.052249,-0.016750,-1.820000,7.000000,-3.150000
-0.418744,-10.083356,0.035892,0.280000,7.350000,-3.430000
-0.428315,-9.942179,0.009571,2.800000,8.050000,-4.760000
-0.387637,-9.834501,-0.035892,4.060000,7.910000,-6.510000
-0.397209,-9.755538,-0.002393,2.870000,6.580000,-6.720000
-0.344566,-9.784252,-0.045464,-0.490000,5.110000,-5.740000
-0.236889,-9.769895,-0.033500,-3.990000,3.780000,-4.060000
-0.141177,-9.889536,-0.117248,-5.740000,4.060000,-3.150000
-0.251246,-10.028319,-0.186640,-6.580000,4.340000,-3.010000
-0.251246,-10.028319,-0.241675,-6.230000,4.620000,-2.100000
-0.287139,-10.045070,-0.284746,-4.270000,5.180000,-2.380000
-0.217747,-10.210175,-0.323031,-2.170000,4.830000,-4.410000
-0.169890,-10.188639,-0.325424,-0.630000,5.110000,-2.800000
-0.217747,-10.188639,-0.375673,0.140000,6.020000,-0.910000
-0.313460,-10.210175,-0.421137,0.700000,7.210000,0.140000
-0.476172,-10.191031,-0.468993,2.100000,7.000000,0.420000
-0.495314,-10.133603,-0.538385,3.570000,5.670000,0.560000
-0.521635,-10.088140,-0.531207,3.990000,4.270000,0.700000
-0.492921,-10.047462,-0.406780,4.970000,2.940000,0.700000
-0.512064,-9.970891,-0.452243,6.580000,2.450000,0.350000
-0.492921,-9.906286,-0.413958,7.350000,1.610000,-0.280000
-0.471386,-9.906286,-0.361316,7.700000,1.120000,-0.350000
-0.315853,-9.808180,-0.136391,8.610000,0.910000,0.490000
-0.270389,-9.717253,-0.157926,7.700000,2.520000,1.540000
-0.476172,-9.690931,-0.186640,5.810000,5.600000,2.100000
-0.736989,-9.628718,-0.227318,5.110000,3.780000,2.240000
-0.736989,-9.525827,-0.234497,5.390000,0.700000,1.050000
-0.669990,-9.513863,-0.136391,4.970000,-0.910000,-0.490000
-0.550349,-9.497113,-0.088534,3.920000,-1.680000,-0.840000
-0.495314,-9.442079,0.066999,2.870000,-2.030000,-1.330000
-0.433101,-9.430114,0.119641,1.260000,-2.450000,-2.240000
-0.279960,-9.578469,0.181855,-0.910000,-2.730000,-1.540000
-0.033500,-9.693325,0.401994,-1.820000,-2.170000,-0.140000
-0.033500,-9.693325,0.401994,-1.960000,-0.980000,1.400000
-0.057428,-9.777073,0.418744,-1.820000,1.750000,1.470000
-0.234497,-9.863215,0.397209,-0.070000,3.150000,1.470000
-0.272782,-9.815358,0.445065,2.100000,1.750000,1.050000
-0.215354,-9.676575,0.512064,3.080000,1.400000,-0.280000
-0.234497,-9.683753,0.531207,3.150000,1.260000,-1.050000
-0.181855,-9.705289,0.279960,2.520000,2.100000,-1.750000
-0.282353,-10.174281,0.110070,5.320000,5.950000,-1.330000
-0.722632,-10.612168,-0.602991,15.330000,8.680000,-3.850000
-0.815953,-10.437491,-0.459422,28.000000,4.060000,-8.540000
-0.476172,-9.619147,-0.471386,31.010000,-0.420000,-10.850000
-0.382852,-9.358330,-0.162712,22.049999,-2.380000,-11.270000
-0.540778,-9.008978,0.007178,13.930000,-2.100000,-9.660000
-0.528814,-8.944371,0.112463,2.730000,-7.070000,-6.930000
-0.184247,-9.159724,0.366102,-11.130000,-12.810000,-2.800000
0.093320,-9.568897,0.629312,-20.440001,-12.600000,1.260000
0.241675,-9.932607,0.722632,-23.100000,-8.400000,2.240000
0.409173,-10.401600,0.844666,-18.760000,-4.340000,4.130000
0.622134,-10.736595,0.882952,-12.040000,1.750000,3.290000
0.540778,-10.983055,0.859023,-2.660000,8.890000,1.680000
0.267996,-10.995021,0.684347,7.280000,11.830000,0.070000
-0.423530,-9.238688,0.459422,3.080000,7.630000,-3.570000
-0.507278,-9.643075,0.598206,-10.640000,1.400000,-1.260000
-0.303888,-9.817751,0.433101,-10.710000,-0.350000,4.900000
-0.045464,-9.841680,0.210568,-15.190001,0.350000,5.810000
-0.370888,-10.387242,-0.110070,-14.000000,2.800000,5.180000
-0.370888,-10.387242,-0.110070,-8.260000,2.030000,5.880000
-0.325424,-9.652647,-0.162712,-7.420000,1.050000,5.600000
-0.653241,-9.466006,-0.200997,-6.790000,5.460000,4.060000
-0.748954,-9.442079,-0.217747,-7.140000,2.870000,3.360000
-0.672383,-9.623933,-0.244068,-7.140000,0.280000,2.240000
-0.492921,-9.820145,-0.181855,-5.320000,-0.910000,0.490000
-0.411566,-9.891929,-0.136391,-3.290000,-0.280000,-0.700000
-0.382852,-9.997212,-0.196211,-1.960000,0.070000,-2.380000
-0.361316,-9.980463,-0.162712,-0.840000,-0.350000,-2.170000
-0.291924,-9.879964,-0.186640,-0.840000,-0.630000,-1.330000
-0.263210,-9.872787,-0.184247,-2.870000,-0.770000,-0.630000
-0.193819,-9.954143,-0.090927,-4.060000,0.140000,-0.630000
-0.124427,-10.159925,-0.131605,-2.660000,0.980000,0.420000
-0.258425,-10.054641,-0.263210,0.770000,0.070000,0.210000
-0.222532,-10.059426,-0.212961,1.050000,-0.350000,-0.280000
