0.674776,-9.583255,0.801596,-1.330000,-0.070000,-5.040000
0.380459,-9.327222,0.722632,-3.990000,-0.770000,-2.590000
0.059821,-9.164511,0.507278,-9.940000,-7.000000,-0.420000
-0.260818,-9.387043,0.555135,-15.960000,-14.980000,2.240000
-0.181855,-11.164910,1.184447,-9.240000,-20.090000,25.059999
0.634098,-9.889536,0.892523,-1.190000,-17.990000,23.730000
1.179662,-10.365707,0.495314,-1.120000,-17.010000,-1.960000
1.179662,-10.365707,0.495314,-3.780000,-15.470000,-8.400000
1.395016,-10.614561,0.734596,-3.010000,-10.920000,-1.680000
1.399801,-10.322637,0.990629,2.030000,-1.190000,0.560000
1.129412,-10.167104,0.839881,6.440000,3.500000,-4.270000
0.868595,-9.844072,0.727418,7.210000,1.260000,-6.370000
0.916451,-9.796216,0.815953,4.760000,-1.680000,-6.020000
0.971486,-9.769895,0.875773,3.500000,-2.170000,-4.620000
0.933201,-9.719646,0.827917,1.890000,-1.120000,-1.050000
0.909273,-9.686146,0.732204,-0.770000,-1.680000,2.940000
1.036092,-9.779467,0.818345,-2.660000,-3.710000,5.040000
1.222732,-9.930215,0.760918,-2.940000,-4.480000,4.620000
1.433301,-9.858429,0.890130,-1.120000,-3.430000,2.170000
1.459622,-9.745967,0.818345,1.890000,1.190000,-3.150000
1.349552,-9.477970,0.725025,3.570000,7.770000,-8.120000
1.024128,-9.391829,0.701097,1.680000,12.320000,-10.360000
0.691526,-9.446864,0.792024,-2.310000,13.440001,-7.560000
0.363709,-9.585647,0.842274,-5.810000,12.880000,-2.240000
0.112463,-9.671788,0.909273,-8.470000,10.780000,1.540000
-0.038285,-9.901501,0.911665,-7.630000,3.780000,4.620000
-0.028714,-9.896714,0.842274,-6.160000,-2.940000,8.260000
0.217747,-9.841680,0.734596,-4.200000,-8.890000,8.470000
0.588634,-9.774680,0.672383,-3.220000,-12.320000,6.230000
0.918844,-9.829715,0.775275,-3.080000,-10.640000,4.200000
1.036092,-9.925428,0.679562,-3.220000,-7.140000,2.800000
1.112662,-9.927821,0.859023,-1.260000,-4.480000,-1.190000
1.057628,-9.994821,0.899701,1.960000,-1.050000,-4.970000
0.892523,-10.057034,0.904487,4.690000,1.960000,-4.900000
0.677169,-9.927821,0.806381,5.530000,1.820000,-3.220000
0.598206,-9.817751,0.729811,4.760000,-0.630000,-1.680000
0.629312,-9.772287,0.796810,0.630000,-5.600000,1.540000
0.832702,-9.779467,0.813560,-0.560000,-6.930000,2.870000
1.079163,-9.734003,0.770489,-1.120000,-9.100000,4.900000
1.244268,-9.688539,0.818345,-1.260000,-7.840000,3.780000
1.308874,-9.678967,0.823131,-1.190000,-4.830000,0.490000
1.308874,-9.717253,0.825524,0.630000,-1.610000,-3.570000
1.208375,-9.710074,0.909273,2.590000,1.260000,-4.620000
0.933201,-9.681360,0.820738,2.240000,5.670000,-3.640000
0.514457,-9.786645,0.753739,-0.490000,7.980000,-1.680000
0.256032,-9.858429,0.760918,-2.870000,5.110000,1.890000
0.224925,-9.913465,0.796810,-3.780000,-0.350000,4.970000
0.256032,-9.879964,0.885344,-3.010000,-4.480000,6.230000
0.492921,-9.767502,0.660419,-1.540000,-8.190000,6.650000
0.906880,-9.497113,0.571885,-1.890000,-11.690000,6.930000
1.220340,-9.614362,0.579063,-6.300000,-9.520000,1.680000
1.268196,-9.822537,0.815953,-6.930000,-2.800000,-1.680000
1.038485,-10.045070,0.818345,-3.220000,2.940000,-2.240000
0.710668,-9.927821,0.859023,0.700000,5.670000,-2.380000
0.351745,-9.824929,0.765703,1.260000,4.200000,-2.660000
0.260818,-9.777073,0.725025,-0.350000,-0.280000,-1.330000
0.490529,-9.762716,0.796810,-1.540000,-5.670000,-0.350000
0.490529,-9.762716,0.796810,-2.450000,-9.870000,-0.140000
0.799203,-9.585647,0.837488,-2.660000,-10.780000,-2.730000
1.172483,-9.643075,0.457029,-5.950000,-9.170000,-6.370000
1.495514,-9.805787,0.547956,-8.960000,-6.720000,-7.140000
1.655833,-9.805787,0.861416,-9.100000,0.840000,-7.910000
0.760918,-10.102496,0.794417,-6.510000,8.610000,-9.170000
0.306281,-10.143176,0.653241,-1.260000,11.480000,-6.860000
0.172283,-10.052249,0.703490,1.960000,4.270000,-4.830000
0.160319,-10.040283,0.698704,3.990000,-2.310000,-2.870000
0.332602,-9.958927,0.492921,5.740000,-7.210000,-0.700000
0.861416,-9.844072,0.299103,6.090000,-14.210000,0.910000
1.572084,-9.791430,0.480957,5.110000,-18.620001,-0.490000
1.971686,-9.686146,0.466600,5.880000,-13.930000,-5.390000
2.012364,-9.533006,0.538385,7.910000,-4.060000,-9.170000
1.722832,-9.360723,0.296710,6.510000,6.370000,-9.030000
1.165305,-9.394222,0.330210,0.700000,13.090000,-7.560000
0.744168,-9.504292,0.535992,-5.530000,13.300000,-6.230000
0.411566,-9.841680,0.906880,-7.490000,10.500000,-4.060000
0.126820,-10.045070,0.952343,-7.140000,6.230000,4.060000
0.038285,-10.112068,0.803988,-7.700000,-1.330000,9.730000
0.308674,-10.131211,0.849452,-6.580000,-10.990000,9.240000
0.937986,-10.238889,0.823131,-3.430000,-18.410000,5.320000
1.658226,-10.186246,0.976272,0.490000,-15.820000,1.610000
1.969293,-10.076177,0.875773,3.500000,-5.320000,-0.350000
1.861616,-9.913465,0.777667,4.690000,4.970000,-1.540000
1.519442,-9.693325,0.660419,2.660000,11.270000,-3.010000
1.052842,-9.741181,0.677169,-1.260000,13.860000,-2.450000
0.519243,-9.868000,0.842274,-3.360000,13.860000,2.940000
0.229711,-9.839286,0.710668,-3.850000,9.100000,7.490000
0.488136,-10.102496,0.662812,-5.530000,-2.310000,7.910000
1.064806,-10.234102,0.713061,-5.600000,-5.460000,6.930000
1.694118,-10.243673,0.847059,-1.120000,-8.260000,-1.470000
1.947758,-10.064213,0.928415,5.530000,-1.190000,-9.450000
1.761117,-9.777073,0.691526,11.690000,10.220000,-15.960000
1.399801,-9.554541,0.526421,13.160000,18.760000,-19.460001
0.808774,-9.523434,0.720240,9.800000,23.730000,-20.719999
0.131605,-9.930215,1.117448,7.910000,24.920000,-19.600000
-0.277567,-9.872787,1.490728,10.640000,23.170000,-8.260000
-0.370888,-9.322437,1.615155,12.600000,18.480000,3.710000
-0.368495,-9.131011,1.667797,9.170000,10.220000,9.380000
0.244068,-8.941978,2.148755,0.280000,-1.050000,13.860000
1.110270,-8.815158,3.412165,-10.430000,-11.550000,18.129999
1.720440,-8.705089,4.529613,-20.020000,-6.230000,19.320000
1.466800,-8.834301,5.553742,-27.650000,10.710000,12.530000
1.064806,-9.367901,6.183054,-35.980000,22.400000,13.160000
1.076770,-9.846465,6.999006,-38.990002,18.760000,17.360001
1.502693,-10.119246,8.236095,-35.630001,19.110001,17.360001
1.801795,-10.097712,9.341579,-24.639999,30.660000,13.020000
1.653440,-10.023535,9.954143,-10.150000,48.090000,3.220000
1.064806,-9.674182,10.157533,2.870000,63.209999,-4.340000
0.667598,-8.793623,9.702895,9.450000,68.110001,-6.580000
0.564706,-7.858029,9.202796,-0.280000,68.529999,3.920000
0.466600,-7.245467,8.755339,-28.840000,69.370003,20.510000
0.289532,-7.558927,8.597411,-63.349998,67.340004,32.689999
0.248854,-8.697910,8.523234,-91.559998,64.330002,38.080002
1.055235,-11.679367,9.442079,-104.860001,59.500000,28.139999
1.392623,-12.356536,9.576077,-85.750000,66.500000,6.440000
1.629512,-12.138789,8.724231,-53.270000,77.139999,-12.810000
1.923829,-11.495120,7.621140,-20.860001,84.000000,-38.779999
2.433501,-10.827522,6.199803,5.390000,85.540001,-61.740002
2.907279,-9.891929,5.209175,23.590000,85.400002,-65.660004
3.574877,-7.920243,3.522235,34.790001,92.190002,-53.130001
4.180261,-6.513263,2.117648,30.380001,94.430000,-41.299999
4.551149,-5.797810,0.715454,6.020000,94.709999,-20.790001
4.929214,-6.020342,-0.593420,6.020000,94.709999,-20.790001
5.154140,-7.781459,-2.108077,-56.560001,84.070000,-13.860000
5.249853,-10.375278,-3.081956,-71.959999,74.690002,-15.820000
5.568098,-11.954542,-4.094120,-67.550003,70.070000,4.270000
6.065805,-11.832507,-5.192425,-43.959999,69.650002,27.160000
5.994020,-11.138590,-6.687939,-13.020000,84.629997,38.360001
4.821537,-10.939985,-8.231310,-7.770000,96.180000,33.670002
2.847459,-11.236694,-9.638289,-3.990000,99.610001,32.410000
1.316052,-11.239087,-10.564312,3.990000,85.610001,24.570000
0.708275,-11.303694,-11.815758,7.560000,65.379997,10.010000
1.057628,-11.401800,-12.815958,6.650000,44.730000,-4.200000
2.120041,-11.358729,-13.538590,4.410000,28.070000,-21.420000
3.314059,-11.459228,-14.065011,7.280000,24.150000,-37.730000
4.070191,-11.140982,-14.914464,13.860000,33.599998,-37.660000
4.027121,-10.829915,-16.275980,8.960000,41.930000,-27.230000
2.651247,-11.380265,-17.596817,-2.660000,41.299999,-5.110000
1.689333,-11.700903,-17.367105,-10.220000,35.139999,26.250000
0.722632,-11.789437,-17.288143,-9.800000,34.720001,61.599998
0.368495,-11.638690,-17.230717,-5.110000,23.730000,67.620003
0.698704,-10.612168,-16.103697,6.510000,11.970000,45.639999
0.559920,-10.296316,-16.333406,27.440001,17.150000,3.990000
0.330210,-8.784052,-16.618155,41.439999,22.400000,-18.340000
0.119641,-7.601997,-16.555939,44.799999,14.980000,-31.570000
-0.248854,-6.996613,-15.969698,36.540001,-0.560000,-21.420000
-0.665205,-6.563512,-15.060425,19.670000,-16.170000,15.120000
-0.856631,-6.762117,-14.172688,-0.700000,-38.639999,48.230000
-0.287139,-7.381857,-12.380465,-16.030001,-73.570000,53.830002
1.036092,-8.147561,-10.473385,-14.210000,-103.529999,35.560001
3.058028,-8.049455,-8.800802,-1.820000,-123.550003,17.920000
4.603791,-7.243074,-6.405586,13.090000,-124.669998,-13.370000
4.881358,-6.917650,-4.244867,43.400002,-95.340004,-66.709999
3.751946,-5.477170,-2.263610,61.180000,-68.040001,-59.639999
1.079163,-3.919443,-1.610370,56.209999,-55.860001,-47.320000
-1.703690,-3.582055,-0.966700,30.730000,-83.300003,-43.259998
-3.273381,-4.871787,0.626920,-10.290000,-139.369995,-28.070000
-3.507878,-7.360322,2.696711,-44.660000,-196.000000,-15.750000
-2.041078,-10.001998,4.180261,-51.799999,-254.380005,4.480000
1.962115,-10.669596,4.453043,-41.160000,-305.269989,36.889999
7.781459,-9.351151,5.113462,-37.380001,-320.600006,50.259998
12.880564,-8.200203,6.104091,-45.920002,-289.940002,37.520000
15.491134,-7.561320,8.738588,-50.189999,-216.160004,-16.450001
8.439486,-10.975878,12.169895,-27.860001,-112.349998,-86.660004
1.174876,-12.196217,10.899307,19.809999,-18.549999,-110.180000
-4.388437,-12.385249,8.769694,20.930000,-0.910000,-76.300003
-4.443472,-11.676974,6.874579,-2.380000,-96.110001,-21.070000
1.730011,-10.980663,6.025128,-48.650002,-224.000000,45.990002
9.841680,-11.784652,6.518049,-107.239998,-286.720001,83.090004
15.067604,-14.115260,7.908278,-134.750000,-252.979996,71.540001
15.436100,-16.484156,9.049655,-115.709999,-146.860001,42.349998
12.052648,-17.426928,9.131011,-52.779999,-18.620001,14.420000
6.654440,-16.445869,7.097112,30.940001,84.419998,-9.170000
1.646262,-13.861622,4.328616,90.440002,131.529999,-20.020000
-1.691726,-11.272588,2.474179,108.220001,119.910004,-20.510000
-3.402594,-9.865608,1.674976,89.459999,77.559998,-7.910000
-3.268596,-9.188439,1.607977,58.590000,29.049999,17.080000
-1.753939,-9.142976,1.674976,21.840000,-19.389999,44.590000
0.260818,-9.413363,2.017149,9.100000,-25.059999,50.680000
1.945365,-9.645468,2.060220,7.420000,-10.500000,45.150002
2.691926,-9.913465,2.450250,15.190001,15.260000,22.260000
2.361716,-10.470992,2.517249,33.529999,41.160000,6.510000
1.507478,-9.753145,2.419144,53.970001,63.070000,-1.680000
0.105284,-8.786445,1.741975,60.900002,72.730003,-8.960000
-1.363909,-7.716853,1.124627,52.430000,65.940002,-3.080000
-2.354537,-6.929615,0.473779,30.799999,46.759998,6.790000
-2.390430,-6.608976,0.031107,1.960000,18.969999,14.140000
-0.112463,-8.094919,0.124427,-21.490000,-5.390000,21.980000
1.529014,-9.016156,0.181855,-32.130001,-16.309999,26.600000
2.352145,-9.875179,0.279960,-30.170000,-10.990000,19.460001
1.856830,-10.949556,0.275175,-9.100000,20.299999,-7.350000
0.811167,-10.954341,-0.198604,12.530000,42.070000,-16.030001
-0.306281,-10.490135,-0.409173,30.870001,48.160000,-22.540001
-1.220340,-9.777073,-0.614955,38.009998,46.549999,-23.520000
-1.787439,-9.272188,-0.906880,35.980000,35.070000,-19.320000
-1.605584,-8.609376,-0.923629,27.580000,14.700000,-7.560000
-0.593420,-8.047063,-1.119841,17.430000,-5.740000,3.570000
0.679562,-8.286345,-1.280160,0.140000,-20.719999,11.480000
1.639083,-9.516255,-0.870987,-21.350000,-25.760000,13.860000
1.957329,-11.322837,-0.129212,-31.430000,-18.480000,8.470000
2.009971,-12.457035,0.567099,-18.620001,-8.540000,-1.190000
1.770689,-12.796815,0.696311,9.310000,3.710000,-10.290000
1.232304,-12.081362,0.282353,41.860001,19.950001,-13.020000
0.808774,-10.975878,-0.126820,50.119999,18.830000,-17.710001
0.727418,-9.827322,-0.131605,48.860001,13.510000,-17.920000
0.593420,-8.970692,-0.076570,37.939999,14.630000,-8.330000
0.265603,-8.494520,-0.251246,18.129999,12.600000,5.740000
-0.014357,-8.681160,-0.184247,-2.380000,2.100000,13.860000
0.174676,-9.647861,0.282353,-14.420000,-9.380000,18.340000
0.808774,-10.387242,1.105484,-8.540000,-9.660000,13.160000
1.320838,-10.528419,1.256232,9.030000,2.030000,4.900000
1.371087,-9.882358,0.770489,21.770000,16.030001,-3.500000
0.942772,-9.236296,0.009571,23.030001,23.799999,-10.640000
0.346959,-8.757731,-0.363709,16.309999,24.500000,-12.740000
-0.595813,-8.382057,-0.294317,5.530000,20.719999,-8.190000
-0.830309,-8.525627,-0.600598,-11.410000,13.510000,4.690000
-0.708275,-8.963513,-0.502493,-26.389999,1.330000,10.220000
-0.428315,-10.179067,-0.119641,-36.540001,-10.220000,5.950000
0.095713,-11.222338,0.265603,-35.630001,-17.290001,1.400000
0.792024,-11.507084,0.480957,-20.020000,-18.760000,-3.850000
1.337588,-11.009377,0.375673,1.400000,-10.850000,-12.040000
1.423729,-9.982857,-0.174676,17.080000,0.980000,-19.530001
1.244268,-9.083155,-0.588634,19.740000,8.680000,-23.240000
0.969093,-8.628519,-0.550349,10.360000,11.760000,-23.309999
0.466600,-8.609376,-0.313460,-1.540000,12.110000,-20.440001
-0.026321,-8.965906,-0.148355,-11.340000,9.800000,-15.470000
-0.356531,-9.499505,-0.090927,-19.950001,2.380000,-7.910000
0.078963,-10.083356,0.038285,-24.150000,-19.389999,-0.770000
0.911665,-10.444671,0.334995,-16.799999,-23.170000,-3.920000
1.646262,-10.475778,0.284746,-5.530000,-16.030001,-7.910000
2.000400,-10.222138,-0.004786,0.910000,-5.320000,-11.130000
1.914258,-9.932607,-0.354138,1.750000,1.400000,-14.140000
1.725225,-9.946963,-0.184247,1.120000,7.280000,-15.750000
1.287339,-10.013963,-0.086142,1.400000,12.600000,-13.860000
0.792024,-10.085747,-0.019143,3.990000,13.230000,-13.230000
0.346959,-10.200603,0.031107,6.440000,8.960000,-8.890000
0.308674,-9.927821,-0.100499,6.860000,2.100000,-4.130000
0.669990,-9.564112,-0.217747,5.530000,-3.010000,-5.880000
0.669990,-9.564112,-0.217747,4.060000,-7.070000,-6.440000
1.339981,-9.477970,-0.330210,1.330000,-7.840000,-8.190000
1.373480,-9.580862,-0.313460,-2.660000,-3.920000,-8.890000
1.390230,-9.662218,-0.124427,-4.130000,-0.070000,-10.920000
1.117448,-9.903893,-0.014357,-4.200000,3.080000,-12.950000
0.878166,-9.999605,0.136391,-3.220000,3.780000,-10.710000
0.768096,-9.990034,0.129212,-0.350000,2.870000,-9.590000
0.830309,-9.887143,-0.028714,3.710000,-1.190000,-10.430000
1.117448,-9.657433,-0.277567,5.810000,-4.830000,-7.770000
1.430908,-9.379865,-0.394816,2.870000,-6.160000,-4.760000
1.674976,-9.614362,-0.380459,-1.680000,-6.720000,-9.030000
1.639083,-9.908678,-0.078963,-4.900000,-4.900000,-11.830000
1.517050,-9.961320,0.014357,-5.040000,1.190000,-9.660000
1.203590,-9.908678,-0.069392,-3.290000,5.460000,-10.570000
0.861416,-10.135997,-0.074178,-4.340000,4.130000,-10.080000
0.837488,-10.205389,0.071785,-4.130000,-2.800000,-11.130000
0.842274,-10.305886,0.133998,1.820000,-5.670000,-12.740000
1.007378,-10.104890,0.002393,6.510000,-8.540000,-11.550000
1.323231,-9.829715,-0.241675,6.090000,-12.180000,-11.410000
1.804188,-9.667004,-0.150748,3.780000,-12.250000,-13.860000
2.079363,-9.829715,0.019143,2.730000,-6.300000,-11.830000
2.127219,-9.722038,0.095713,1.960000,1.610000,-8.470000
1.897508,-9.724431,0.157926,1.260000,7.840000,-9.100000
1.495514,-9.848858,0.148355,0.910000,10.640000,-8.260000
1.189233,-9.824929,0.287139,2.660000,10.010000,-6.370000
0.945165,-9.710074,0.313460,3.710000,8.400000,-3.710000
1.119841,-9.358330,0.112463,2.240000,4.130000,-1.540000
1.596013,-9.425328,0.275175,-3.990000,-7.070000,-1.470000
2.091327,-9.521042,0.607777,-5.740000,-6.860000,-3.430000
2.213361,-9.647861,0.770489,-4.970000,-0.140000,-6.440000
2.234896,-9.434900,0.849452,-2.800000,8.120000,-10.500000
1.928615,-9.296116,0.997807,-1.890000,15.610000,-15.050000
1.469193,-9.188439,1.143769,-4.340000,21.559999,-13.860000
0.990629,-9.363115,1.438086,-9.240000,22.330000,-11.060000
0.669990,-9.595219,1.923829,-12.110000,19.320000,-8.610000
0.653241,-9.729217,2.452643,-11.340000,12.880000,-2.870000
0.926022,-9.712467,3.211168,-11.340000,7.490000,2.730000
1.076770,-10.068997,4.125226,-13.090000,9.800000,1.330000
1.277767,-10.408779,4.823930,-10.290000,14.000000,0.700000
1.971686,-10.040283,5.603990,-1.330000,16.730000,-1.610000
2.402394,-9.564112,6.376873,18.129999,38.430000,-20.860001
2.108077,-8.774480,6.946364,31.920000,59.430000,-29.400000
1.574477,-7.420143,6.711867,37.520000,73.290001,-30.100000
0.952343,-6.324231,6.235696,24.219999,77.419998,-26.460001
0.313460,-6.084948,6.264410,-5.530000,76.090004,-18.830000
-0.440279,-7.185646,6.716653,-34.790001,70.699997,-6.650000
-0.813560,-8.678767,7.534998,-51.520000,62.580002,6.090000
-0.502493,-10.174281,8.169096,-54.529999,53.619999,11.620000
0.519243,-10.947165,8.968300,-45.290001,51.029999,6.860000
2.488536,-11.456835,9.020942,-30.240000,59.779999,-7.070000
2.488536,-11.456835,9.020942,-13.860000,70.910004,-25.620001
3.842873,-10.971091,8.140383,-0.070000,82.180000,-43.189999
3.488736,-10.805987,7.144968,4.200000,109.270004,-52.500000
3.014957,-10.791630,6.838687,-4.900000,115.360001,-51.099998
2.737389,-11.219944,6.769295,-11.340000,109.550003,-49.279999
2.591427,-11.224730,6.884151,-9.800000,104.790001,-42.070000
2.924029,-10.150353,5.936593,3.150000,100.730003,-38.920002
4.541577,-8.365308,4.438686,15.470000,82.739998,-45.990002
7.221539,-6.204589,3.225525,11.200000,64.959999,-55.930000
9.085547,-5.118248,1.770689,-4.270000,67.550003,-64.959999
9.489935,-5.053641,-0.358923,-23.660000,84.980003,-53.760002
8.858230,-5.637490,-2.517249,-47.250000,100.169998,-14.840000
7.207181,-6.984650,-4.079762,-74.830002,109.550003,29.889999
5.082355,-8.906086,-4.989035,-96.459999,110.180000,63.279999
3.498307,-10.358529,-5.611169,-95.900002,96.879997,87.919998
3.873980,-10.667203,-7.231110,-77.559998,62.020000,86.590004
5.790630,-11.030912,-7.623533,-68.040001,38.990002,16.379999
7.286145,-13.141381,-7.367501,-42.070000,48.020000,-60.410000
7.834101,-14.251652,-7.714460,2.940000,77.559998,-94.080002
7.590034,-13.217952,-8.994620,48.090000,105.629997,-105.419998
6.690332,-11.279767,-11.069198,67.970001,116.199997,-105.559998
5.381458,-9.399008,-12.641282,54.459999,110.389999,-89.949997
3.876373,-8.760124,-13.619946,18.969999,88.900002,-58.099998
2.715853,-9.403792,-14.024333,-17.710001,55.020000,-3.850000
2.318645,-10.423136,-14.108082,-43.540001,18.549999,50.820000
2.876173,-11.655439,-14.517255,-57.189999,-12.810000,79.449997
6.876972,-13.842479,-13.325629,-56.700001,-40.599998,65.730003
7.745567,-14.086546,-12.086146,-3.080000,-37.450001,-15.540000
7.094719,-11.906685,-12.488142,52.779999,28.000000,-38.920002
5.343173,-8.403593,-13.485948,86.660004,64.330002,-41.930000
3.084348,-5.960521,-14.019548,78.470001,73.500000,-42.420002
0.799203,-5.680561,-13.268202,42.000000,57.680000,-32.619999
-0.715454,-6.324231,-12.148360,7.840000,28.630001,-3.780000
-1.366302,-6.915257,-11.169697,-10.360000,-6.580000,27.790001
-0.784846,-7.568498,-10.923235,-14.980000,-48.720001,53.060001
1.064806,-7.503892,-10.971091,-14.840000,-90.300003,62.860001
3.787838,-7.336394,-10.849058,-15.260000,-122.220001,46.200001
7.652246,-6.183054,-10.624132,-15.120000,-139.089996,12.390000
10.628918,-5.766702,-9.140583,-17.430000,-128.660004,-40.880001
11.277373,-5.838487,-7.743174,-18.059999,-85.260002,-66.430000
9.104690,-6.460621,-6.250053,-6.160000,-5.390000,-62.580002
5.185246,-7.575676,-5.273781,19.250000,12.670000,-53.410000
1.935793,-7.903493,-4.429115,49.349998,-7.000000,-44.450001
0.066999,-7.604390,-3.515057,71.680000,-43.750000,-26.740000
-0.512064,-6.776474,-2.861816,79.730003,-90.930000,-5.600000
0.949951,-5.577669,-2.246860,76.930000,-142.940002,12.250000
3.763910,-4.027121,-0.133998,59.779999,-162.190002,9.940000
4.974678,-4.618148,0.933201,23.799999,-147.630005,9.940000
4.965107,-6.319445,2.330609,-11.340000,-136.850006,0.560000
4.053442,-9.310472,4.347759,-24.500000,-128.660004,-7.770000
3.495914,-11.650653,4.347759,-7.490000,-132.930008,-9.030000
3.785445,-12.617353,4.998606,17.780001,-142.940002,-0.980000
3.933800,-11.856436,5.740381,37.939999,-144.130005,0.630000
4.622933,-10.633704,6.376873,68.529999,-151.339996,-13.930000
5.781059,-9.040084,6.623333,79.099998,-154.419998,-21.000000
6.833901,-7.494320,6.795617,68.739998,-150.850006,-12.250000
7.645068,-7.097112,6.872187,44.660000,-143.779999,-2.870000
8.073383,-7.731210,6.836295,18.760000,-134.119995,8.960000
7.831708,-9.023334,6.731010,-3.780000,-114.309998,22.889999
6.446264,-11.468799,6.281159,-20.790001,-91.070000,28.559999
5.807381,-13.110275,6.525227,-16.520000,-85.820000,31.430000
6.017949,-13.710874,6.611369,9.660000,-82.110001,28.280001
6.489335,-12.978670,5.907879,42.490002,-64.050003,21.350000
6.702296,-11.621940,5.697310,65.449997,-43.400002,6.790000
6.156733,-10.549955,5.793024,74.269997,-18.270000,-11.130000
4.709075,-9.731609,5.862415,80.220001,17.150000,-25.410000
3.314059,-8.803195,5.345565,80.080002,21.280001,-17.219999
2.852244,-7.496714,4.400401,69.930000,10.570000,-5.670000
2.694318,-6.953543,3.510271,43.119999,2.100000,9.870000
2.467000,-7.381857,3.007778,10.640000,-8.680000,26.600000
2.519642,-8.585447,3.201597,-10.150000,-20.650000,37.310001
3.010171,-9.887143,3.596412,-12.180000,-22.260000,38.709999
3.457629,-10.872985,3.596412,-3.640000,-13.020000,34.650002
3.672983,-11.198411,3.247060,13.580000,1.680000,26.460001
3.869194,-10.614561,3.031706,33.810001,16.309999,5.250000
3.625126,-10.057034,2.411965,44.029999,31.780001,-10.430000
3.086741,-8.834301,2.337788,44.099998,42.770000,-17.850000
1.780260,-6.970293,2.146362,38.570000,44.799999,-19.600000
0.940379,-6.687939,1.792224,12.950000,42.840000,0.490000
0.224925,-7.324430,1.423729,-11.480000,32.060001,15.680000
0.267996,-8.664411,1.112662,-33.810001,11.060000,31.570000
0.653241,-10.322637,1.488336,-48.790001,-7.420000,39.270000
0.945165,-11.944970,2.091327,-43.680000,-16.100000,35.209999
1.562513,-12.136396,2.103291,-16.590000,-16.799999,29.750000
2.471786,-11.105090,1.593620,14.630000,-11.550000,13.020000
3.058028,-9.937392,1.342373,36.400002,-0.910000,-15.330000
3.235096,-8.659625,0.808774,45.009998,14.700000,-28.630001
3.017349,-7.601997,0.303888,38.220001,26.320000,-26.180000
2.242075,-7.743174,0.191426,19.389999,31.850000,-25.129999
1.466800,-8.480164,0.287139,0.770000,30.450001,-16.940001
1.349552,-9.123833,0.495314,-14.560000,9.380000,6.790000
1.457229,-9.875179,0.753739,-18.900000,1.190000,13.370000
1.249053,-11.040483,0.780060,-18.620001,-6.370000,14.980000
1.926222,-11.351551,1.036092,-6.790000,-21.490000,13.790000
3.268596,-11.081161,1.194018,8.750000,-20.860001,4.270000
4.122833,-10.463813,0.890130,18.900000,-5.880000,-5.460000
4.314260,-9.829715,0.629312,23.799999,7.630000,-8.820000
4.201797,-9.166903,0.433101,21.490000,17.430000,-5.810000
3.747160,-8.805587,0.318245,10.920000,25.549999,-3.920000
2.914458,-9.131011,0.497707,1.540000,26.320000,-0.070000
2.098505,-9.257831,1.088734,-0.840000,23.379999,6.720000
1.469193,-9.480364,1.105484,-0.700000,15.330000,15.400000
1.873580,-9.466006,0.634098,-6.440000,-0.560000,28.000000
2.797210,-10.191031,1.127020,-20.790001,-22.190001,26.880001
3.445665,-10.846665,1.617548,-17.639999,-18.340000,19.879999
3.689733,-10.597812,1.631905,-0.630000,-2.940000,13.860000
3.366701,-9.573684,0.942772,18.690001,15.540000,6.160000
2.744568,-8.688338,0.392423,26.320000,26.740000,-2.660000
1.921437,-8.130811,0.579063,21.000000,29.190001,-8.050000
0.890130,-7.963314,0.488136,13.580000,30.660000,-8.610000
0.047856,-8.049455,0.244068,4.410000,23.030001,-2.240000
-0.110070,-8.389235,-0.014357,-9.380000,5.460000,9.450000
0.619741,-8.788837,0.421137,-21.910000,-17.150000,14.980000
1.665405,-9.585647,0.619741,-24.990000,-29.400000,9.800000
2.474179,-9.951750,0.660419,-21.000000,-27.440001,6.440000
2.967100,-9.985250,0.725025,-7.840000,-20.090000,-2.450000
3.158526,-9.767502,0.605384,-0.700000,-4.620000,-7.000000
2.914458,-9.482756,0.526421,1.820000,4.130000,-8.120000
2.471786,-9.150154,0.370888,-0.280000,8.890000,-9.800000
2.012364,-9.231510,0.413958,-5.250000,5.320000,-10.500000
1.533799,-9.860823,0.535992,-9.800000,0.140000,-2.800000
1.454836,-10.147961,0.672383,-8.960000,-10.430000,5.740000
1.923829,-10.179067,0.658026,-3.360000,-20.860001,4.760000
2.699104,-10.329816,0.514457,-0.560000,-25.900000,2.450000
3.531806,-10.265208,0.665205,1.050000,-24.290001,1.260000
4.108476,-10.004392,0.854238,4.410000,-14.770000,-2.660000
4.225725,-9.860823,0.866202,6.860000,-1.400000,-6.370000
3.751946,-9.600004,0.827917,5.180000,10.500000,-8.190000
2.890530,-9.786645,0.868595,2.310000,18.129999,-8.960000
2.455036,-9.621540,0.863809,4.060000,16.799999,-6.300000
2.172683,-9.372685,0.916451,4.130000,12.460000,-3.710000
2.103291,-9.367901,0.971486,1.960000,9.310000,0.560000
2.222932,-9.253045,0.990629,0.210000,6.160000,9.380000
2.775674,-9.006584,0.988236,-2.450000,2.870000,15.260000
1.883151,-8.927622,0.655633,-5.810000,2.310000,12.670000
1.330409,-10.329816,0.993021,-3.290000,-12.040000,-6.930000
1.342373,-10.449455,0.540778,6.090000,-19.670000,-12.250000
1.684547,-9.695717,0.267996,12.460000,-17.219999,-7.210000
2.459821,-9.214760,0.088534,9.800000,-7.770000,-3.710000
2.519642,-9.257831,0.040678,2.800000,2.450000,-3.430000
1.368695,-8.520842,-0.088534,-4.340000,2.100000,5.180000
1.572084,-7.743174,0.502493,-25.200001,-17.430000,31.290001
2.261217,-8.437093,1.191626,-31.920000,-12.670000,34.580002
2.885744,-9.315259,1.263410,-27.020000,-2.870000,31.430000
3.065206,-10.193424,0.794417,-17.990000,0.700000,24.639999
2.699104,-10.700702,0.220140,-11.200000,0.490000,8.120000
1.526621,-10.959127,-0.217747,-6.930000,-13.720000,-0.560000
1.409373,-9.865608,0.102891,-7.420000,-27.719999,11.270000
1.636691,-8.731410,0.256032,-14.560000,-27.440001,32.970001
2.285146,-8.781659,0.586242,-17.570000,-20.930000,38.709999
2.849852,-9.590433,0.653241,-11.620000,-13.650000,31.639999
3.223132,-10.370493,0.524028,-3.150000,-6.160000,24.639999
2.746960,-10.279566,0.162712,1.120000,2.030000,19.879999
2.524428,-10.487741,0.540778,6.090000,5.810000,7.840000
2.371287,-10.511670,0.320638,9.170000,11.620000,3.360000
2.861816,-10.542776,0.452243,12.810000,14.980000,-4.550000
3.108276,-10.159925,0.050249,16.660000,20.020000,-13.650000
3.567699,-10.100104,0.038285,17.010000,19.740000,-26.670000
4.151547,-10.657632,0.349352,18.270000,23.309999,-39.060001
3.608376,-9.688539,0.361316,35.070000,37.590000,-58.590000
2.215754,-8.750552,0.626920,34.580002,39.619999,-56.700001
1.201197,-8.762517,0.521635,28.770000,33.950001,-46.619999
1.201197,-8.762517,0.521635,24.639999,27.719999,-36.049999
0.629312,-8.772088,0.933201,20.090000,21.490000,-22.469999
-0.069392,-9.513863,0.751346,15.260000,16.870001,20.930000
1.526621,-6.441479,0.433101,9.940000,0.630000,57.959999
1.808974,-9.284152,0.476172,-17.150000,-17.920000,9.590000
2.380858,-10.317852,1.313660,-15.610000,-16.309999,13.720000
2.507678,-10.064213,1.564906,3.080000,-3.220000,6.790000
2.210968,-9.166903,0.882952,11.620000,4.340000,-10.780000
2.088934,-10.133603,1.088734,11.760000,18.830000,0.140000
1.560120,-8.269595,0.744168,13.580000,12.600000,-3.990000
1.380659,-8.528020,0.229711,-1.680000,0.700000,-11.410000
1.971686,-9.312866,1.098306,-11.270000,3.640000,-3.010000
1.907080,-10.131211,1.459622,-2.800000,11.270000,4.200000
2.081756,-10.191031,0.916451,3.710000,9.170000,9.240000
2.505285,-10.217353,0.847059,4.480000,4.900000,9.380000
3.261417,-10.322637,0.734596,6.160000,2.450000,8.190000
3.239882,-10.042676,0.732204,8.330000,3.780000,3.640000
2.895315,-9.894321,0.701097,6.090000,5.950000,-4.200000
2.548356,-9.789038,0.914058,2.310000,6.020000,-5.950000
2.321038,-9.748360,1.012164,0.490000,5.180000,-4.270000
2.230111,-9.513863,1.026521,0.490000,3.850000,0.140000
2.230111,-9.391829,0.890130,-0.140000,3.920000,3.990000
2.411965,-9.750752,1.026521,-2.660000,5.320000,6.510000
2.213361,-9.501899,1.550549,-1.960000,10.010000,8.820000
1.777867,-9.387043,0.815953,2.380000,11.900000,4.410000
1.198804,-8.958728,0.318245,-0.490000,5.950000,2.030000
1.074377,-9.219545,0.622134,-15.050000,-8.890000,2.170000
1.634298,-9.877571,0.957129,-13.720000,-11.900000,7.700000
2.373680,-9.939785,0.916451,-10.920000,-11.200000,8.610000
2.770889,-10.030712,0.945165,-2.030000,-3.220000,-1.400000
2.940779,-10.028319,0.981057,4.270000,4.970000,-5.740000
2.725425,-9.822537,0.969093,9.520000,11.620000,-5.390000
2.402394,-9.561719,0.746561,10.360000,14.560000,-2.030000
2.199004,-9.358330,0.507278,5.950000,11.270000,1.190000
2.000400,-9.212367,0.713061,0.560000,7.700000,2.030000
1.706082,-9.456435,0.770489,-3.150000,3.500000,5.810000
1.653440,-9.372685,0.830309,-5.530000,-1.680000,10.920000
1.859223,-9.702895,1.076770,-7.140000,-5.880000,11.900000
1.859223,-9.702895,1.076770,-6.370000,-8.120000,13.230000
2.407180,-9.346365,0.892523,-3.290000,-8.890000,12.110000
2.775674,-9.449257,0.882952,-2.450000,-8.050000,10.220000
2.888137,-9.623933,1.014557,-5.040000,-4.760000,6.020000
2.478964,-9.757930,1.031307,-2.800000,4.340000,0.770000
2.175076,-9.554541,0.878166,0.420000,7.000000,-1.050000
1.921437,-9.523434,0.966700,0.840000,5.670000,-1.680000
1.818545,-9.379865,0.914058,0.140000,5.180000,0.560000
1.667797,-9.391829,0.729811,-0.840000,2.660000,2.450000
1.758725,-9.444471,0.768096,-3.080000,-1.470000,4.270000
1.837688,-9.585647,0.813560,-5.810000,-4.410000,6.300000
2.026721,-9.707682,0.672383,-5.950000,-7.140000,7.490000
2.289931,-9.707682,0.660419,-5.040000,-9.450000,6.720000
2.084148,-9.729217,0.514457,-4.690000,-7.840000,2.660000
2.244468,-10.279566,0.672383,-3.220000,-3.920000,-0.630000
2.280360,-9.944571,0.674776,2.380000,6.860000,1.470000
2.005185,-9.509077,0.497707,6.090000,16.030001,-1.330000
1.782653,-9.221939,0.646062,4.760000,13.440001,0.840000
1.698904,-9.281759,0.811167,4.690000,8.890000,2.660000
1.828116,-9.401401,0.914058,4.900000,4.550000,6.510000
1.818545,-9.372685,0.921237,4.480000,-1.400000,8.470000
1.911865,-9.568897,0.914058,2.590000,-6.580000,9.240000
1.931008,-9.789038,0.844666,1.120000,-10.710000,6.930000
2.225325,-9.877571,0.808774,-0.840000,-10.990000,6.860000
2.486143,-9.848858,0.801596,-1.820000,-7.210000,6.090000
